1678	1510	1423	1518	1593	1618	1782	1525	1784	461	13	1863	1646	-13.2512152	-8.688040612	0
1707	1623	1558	1731	1712	1772	1869	1787	1924	493	13	1987	1733	-10.36410055	-6.425531162	0
1678	1557	1474	1570	1583	1675	1705	1698	1741	474	13	1839	1602	-9.530364757	-8.025878986	0
1686	1602	1565	1728	1663	1779	1905	1849	1957	515	15	2068	1799	-14.36732186	-9.839419718	0
1699	1530	1438	1569	1573	1658	1811	1630	1790	488	13	1918	1642	-12.01716198	-8.963225031	0
1704	1621	1571	1750	1674	1821	1928	1836	1958	506	15	1991	1798	-13.86927181	-9.948197137	0
1733	1618	1547	1662	1606	1731	1827	1728	1835	517	13	1960	1717	-9.910069661	-6.626352453	0
1697	1474	1372	1493	1624	1748	1805	1602	1890	511	13	1936	1683	-11.92468608	-8.529734015	0
1700	1459	1380	1491	1617	1722	1796	1597	1828	521	13	1986	1686	-9.950882806	-8.59484184	0
1694	1615	1458	1622	1623	1745	1832	1751	1894	506	14	1994	1739	-16.01428406	-8.032264486	0
1681	1587	1506	1652	1603	1741	1812	1715	1860	478	14	1820	1565	-11.79403764	-8.695462925	0
1731	1547	1461	1549	1623	1816	1893	1602	1859	528	13	1905	1736	-10.52239127	-8.073327863	0
1670	1464	1391	1534	1564	1798	1949	1692	1966	545	13	2010	1683	-10.69029696	-7.390298008	0
1658	1568	1530	1673	1652	1799	1900	1837	1978	563	13	1975	1661	-11.19338656	-8.272071826	0
1686	1552	1518	1698	1730	1940	2047	1900	2123	586	14	2124	1869	-7.664456847	-10.61345751	0
1729	1651	1671	1834	1781	1977	2070	2034	2145	591	15	2170	1978	-12.75785405	-9.772141771	0
1675	1583	1544	1712	1674	1882	1986	1954	2075	596	14	2153	1849	-13.07732488	-9.481144996	0
1693	1580	1565	1717	1695	1812	1943	1887	1934	534	15	2033	1803	-11.68208564	-7.470881025	0
1699	1629	1605	1806	1746	1904	2023	1987	2066	563	13	2132	1865	-10.38413688	-7.997172941	0
1695	1544	1508	1650	1667	1827	1921	1756	2018	556	14	2026	1745	-12.52636644	-9.175529393	0
1789	1643.5	1618.5	1697	1795.5	1977.5	2121	1888.5	2192.5	609.5	15.5	2161	1896	-9.156999994	-6.398194331	0
1794.5	1586.5	1523.5	1623	1747	1912	2045.5	1794.5	2110.5	614.5	15	2124	1859	-10.22654426	-7.146080299	0
1825	1730	1663.5	1814	1822.5	2021	2154	2023	2240	633.5	13.5	2239	1974	-10.38027065	-7.881670991	0
1845	1644	1554	1679.5	1865	2048.5	2213.5	1913	2281.5	678	14.5	2317.5	1994	-11.80734543	-7.09643188	0
1773.5	1633	1535.5	1644	1755.5	1991.5	2144	1962.5	2192.5	617	14	2189	1898	-10.71870226	-9.089961512	0
1754	1639.5	1562	1658	1784	2006.5	2155	1915.5	2229.5	618	14	2210	1957.5	-15.64856149	-11.57263575	0
1767	1664.5	1646	1813.5	1848	2101.5	2318.5	2213	2413	637.5	14.5	2365	2048.5	-14.35218731	-7.34726232	0
1747	1652.5	1583.5	1726	1699.5	1943.5	2089	2033.5	2161.5	610	15	2108.5	1808.5	-11.61773965	-7.074523326	0
1708	1596	1596	1659	1766	2021	2201	2001	2234	631	14	2214	1865	-12.82948816	-11.8374545	0
1704	1494	1437	1554	1731	2021	2175	1952	2264	634	14	2359	2069	-13.22264225	-8.99525914	0
1694	1642	1644	1756	1731	2018	2212	2130	2338	645	14	2244	1929	-15.93835458	-11.38325525	0
1637	1567	1562	1749	1743	1976	2166	2169	2270	601	15	2244	1862	-14.52565978	-11.52896031	0
1686	1576	1555	1762	1765	1941	2124	1988	2210	578	13	2209	1930	-9.911206515	-6.598739062	0
1667	1556	1546	1751	1806	2055	2134	2042	2230	594	13	2223	1924	-12.87490443	-9.38230883	0
1700	1589	1570.5	1726	1779	1883	2034.5	1917	2047.5	514	16	2102	1777	-11.9994843	-8.581939719	0
1600	1530	1518	1707	1639	1837.5	1977	1936.5	2036	560	15	2038.5	1706.5	-16.09522539	-7.003297987	0
1742	1507	1424	1563	1724	1791.5	1955	1698	2038.5	558	14	2056	1741	-15.47182125	-10.64759144	0
1671	1566	1513	1665	1658	1895.5	2003.5	1898	2070.5	535	12	1982	1647	-12.45680004	-8.31661196	0
1693.5	1639	1651	1868	1844	2150	2296	2333	2432	613	13	2320	2004	-14.71386657	-10.92205101	0
1671	1562	1550	1578	1690	2028	2197	2073	2297	628	17	2100	1822	-12.04564102	-6.123624927	0
1774	1660	1591	1762	1811	2063	2183	1931	2247	546	13	2194	1934	-15.64019651	-9.18687251	0
1755	1535	1535	1597	1690	1864	1978	1737	2042	549	15	2041	1803	-11.94402324	-11.00171739	0
1764	1689	1598	1803	1721	1926	2025	1950	2101	561	13	2071	1752	-12.15538898	-8.968858479	0
1721	1599	1538	1719	1831	1908	2005	1835	2113	551	13	2165	1904	-12.31285402	-8.012701973	0
1701	1624	1606	1674	1666	2025	2198	2019	2219	561	13	2106	1778	-17.29388378	-12.77288993	0
1723	1679	1657	1789	1772	2064	2182	2209	2346	631	14	2241	1963	-12.31640038	-9.830122346	0
1707	1610	1632	1775	1828	2164	2276	2144	2380	679	15	2399	2192	-8.233496448	-2.554688324	0
1702	1669	1692	1994	2010	2393	2578	2535	2725	715	15	2776	2487	-16.31599629	-12.46081037	0
1710	1689	1702	1909	1994	2343	2615	2496	2724	717	15	2783	2440	-15.76802884	-13.47423003	0
1735	1545	1439	1603	1692	1850	2007	1718	2063	586	13	2085	1810	-13.0011627	-10.37234005	0
2103	2116	2371	2935	3077	3303	3544	3382	3716	1025	18	4146	3807	-29.09771991	-22.28112911	1
2175	2127	2239	2588	2664	2935	3194	2922	3324	978	17	3580	3152	-26.68130317	-18.56658121	1
2046	2096	2192	2522	2663	2982	3235	3091	3434	964	17	3557	3145	-21.16903599	-16.03663471	1
2056	1924	2026	2390	2598	2802	2999	2772	3129	1040	17	3389	3076	-27.84384126	-20.08866687	1
1878	1924	2073	2424	2498	2924	3158	3051	3325	792	15	3611	3420	-30.5207427	-21.48641939	1
1943	1967	2147	2503	2595	3027	3330	3075	3512	878	15	3542	3306	-28.1749256	-21.01075962	1
1842	1819	1949.5	2265	2369	2672.5	2897.5	2755	2996	799	15	3222	2920	-27.66579041	-19.96787195	1
2102	2182	2380	2808	2720	3107	3339	3167	3428	887	17	3475	3191	-29.12926646	-20.49884068	1
1859	1810	1935	2268	2429	2770	3006	2875	3146	852	15	3139	2745	-25.52366381	-15.7268991	1
1986	1953	2077	2464	2592	2867	3182	2915	3341	994	18	3465	3187	-25.24134508	-18.15960593	1
2076	2070	2201	2546	2639	3022	3315	3033	3454	856	16	3447	3082	-26.03480833	-15.74612564	1
1891	1959	2051	2490	2608	2784	3031	2902	3197	916	15	3567	3319	-24.97213332	-17.10868968	1
2056	2170	2318	2633	2676	3058	3330	3105	3457	931	16	3536	3234	-26.13429256	-21.29904234	1
1987	1972	2178	2626	2712	2912	3122	3029	3266	878	18	3694	3473	-27.27057821	-20.36925932	1
1974	2058	2212	2442	2496	2890	3120	3004	3246	814	19	3104	2544	-25.48696066	-16.05891751	1
2007	2035	2067	2230	2360	2891	3215	3042	3376	885	19	3081	2705	-22.61481148	-17.23748666	1
2147	2176	2231	2500	2551	3000	3331	3120	3491	845	17	3176	2716	-26.71880024	-17.39228673	1
1970	1977	2147	2413	2507	2889	3126	2872	3214	788	15	3162	2738	-27.12093989	-15.28134624	1
1986	1970	2171	2486	2569	3010	3270	3049	3400	865	15	3332	2823	-25.93055207	-21.20212193	1
2142	2015	2188	2632	2742	3052	3317	3137	3467	1032	17	3595	3186	-26.8944279	-19.45499108	1
2064.5	2076.5	2249.5	2600.5	2693	3026.5	3297	3109.5	3446.5	892	16	3631	3319.5	-28.20859931	-17.12274571	1
2061	2007	2103.5	2396	2450	2876	3208	3034	3320.5	879	15.5	3289.5	2887.5	-25.87929132	-14.32732919	1
1912	1871	1980	2251	2372.5	2728	2969	2738.5	3150	775.5	15.5	3204.5	2840.5	-24.077677	-17.40816843	1
1952	1929.5	2065.5	2429	2520.5	2885.5	3150.5	2901	3305.5	803	14.5	3443.5	3142.5	-25.01169085	-21.37588194	1
1995.5	1823.5	1914.5	2101	2049.5	2686	2979.5	2851.5	3174	840	16	2855.5	2313	-18.85258703	-13.02888821	1
1927	2116	2203	2463	2601	3066	3424	3258	3625	849	14	3463	3074	-24.57316533	-14.46168284	1
1895.5	2155	2259	2460	2618	3191	3511	3272	3727	839.5	15	3393	3099	-23.37348564	-15.77928707	1
1946	1993	2070	2226	2366	2888	3235	2949	3396	784.5	15	3094	2675	-25.3493698	-16.41661256	1
1859	2080	2181	2470	2669	3095	3414	3080	3617	828	16	3515	3130	-23.60475	-13.89344421	1
2001	2064	2202	2447	2523	2998	3292	3070	3487	840.5	15	3377	3118	-28.50315202	-13.56563284	1
2104	2164	2284	2565	2658	3090	3413	3107	3571	936	17	3466	2964	-29.52508536	-16.96443786	1
2076	2056	2170	2460	2505	2937	3235	3002	3409	916	17	3271	2709	-25.84377615	-17.29964865	1
2045	1979	2123	2395	2414	2758	3079	2911	3276	949	18	3295	2881	-26.36894358	-16.81826188	1
1964	1933	1996	2289	2397	2767	3118	2862	3264	966	16	3272	2889	-22.88542945	-17.02598039	1
1929	2014	2111	2346	2466	2885	3213	2953	3336	902	16	3442	3126	-23.75730017	-14.98442084	1
2005	2057	2129	2342	2686	3003	3222	2888	3399	851	16	3476	3069	-25.07554075	-17.4336762	1
2095	2134	2296	2672	2821	3144	3444	3301	3576	1017	17	3989	3679	-24.74141027	-13.7225946	1
2026	2097	2212	2463	2491	2880	3202	2976	3338	979	17	3311	2983	-23.89254059	-13.00948262	1
2056.5	2012.5	2096.5	2427	2587	2974	3263.5	3036.5	3442.5	852	16	3465	3081.5	-23.8091394	-17.39229889	1
1972	1982.5	2048.5	2329.5	2497	2875	3142.5	2926	3279	834.5	16	3266.5	2905	-22.63807119	-14.72827541	1
1988	2034.5	2154	2527	2549.5	2803	3032	2907	3188.5	788.5	15.5	3185.5	2693.5	-29.41891176	-18.26443779	1
1915.5	2028	2173	2534.5	2573.5	2875.5	3128	2964	3306.5	827	16.5	3359.5	3065.5	-23.66004517	-18.70017375	1
2104.5	2145	2224.5	2508.5	2551.5	2806.5	3073.5	2921	3163	803	17	2973	2614	-25.96376433	-18.37132752	1
1998	2058.5	2130.5	2479	2574	2929.5	3174.5	3048.5	3380	826.5	15	3255	2856.5	-23.1122093	-15.25536509	1
1944	2052.5	2103	2446	2434	2812	3069	2960	3235.5	844.5	15.5	3182	2785.5	-22.63847555	-16.62286447	1
1964.5	2070	2171.5	2471.5	2484.5	2895	3163	3075.5	3345.5	884	15.5	3176.5	2729	-24.81016851	-14.94302771	1
1912.5	1952.5	2056.5	2388.5	2554	2925.5	3206	2983	3406.5	910	17.5	3480	3022.5	-26.19672577	-21.50036171	1
1920	1914.5	2038	2374	2425.5	2765	3035	2867	3188.5	832	16	3218.5	2876	-29.18738805	-21.24415695	1
1908	1888	2039.5	2427.5	2524.5	2881	3125.5	2931.5	3284	852.5	15.5	3282	2915	-28.46979683	-16.9187506	1
1679	1716	1832	2133.5	2185.5	2596.5	2869.5	2724	3022.5	753.5	13	3024.5	2683.5	-26.64191187	-16.64632885	1
1753	13	1751	1769	1687	1311	1390	1190	1091	274	445	342	1692	-26.48389437	-23.75258997	2
1764	14	1787	1823	1761	1396	1464	1236	1205	336	567	465	1724	-31.61417362	-18.49080578	2
1712.5	12	1663	1673	1587	1197	1232	1048	950.5	245.5	350	278	1604	-29.19419081	-23.64690738	2
1616	14	1530	1509	1416	1082	1130	950	841	185	199	138	1519	-28.51923138	-19.45912476	2
1611	14	1535	1492	1418	1065	1103	934	835	180	194	142	1510	-29.17206225	-24.03719652	2
1532	11	1324.5	1436.5	1417	1221	1298	1127.5	1107.5	253.5	502	375.5	1343.5	-34.66911366	-23.92467275	2
1513.5	11	1319	1419.5	1392.5	1205.5	1276.5	1134.5	1116.5	246	507	380	1337.5	-31.37510926	-24.21919723	2
1459.5	9.5	1226.5	1349.5	1338.5	1205.5	1268.5	1097	1056.5	218.5	360	249.5	1265	-25.40707	-22.33702606	2
1462	8.5	1234.5	1385	1397.5	1299	1384	1221.5	1220.5	255	408	278	1270	-29.68924885	-23.27396092	2
1482	10.5	1277.5	1443	1459.5	1372	1479.5	1293	1285	260	448.5	320	1290	-27.07733126	-26.50561281	2
1557	9.5	1319.5	1428.5	1418	1283.5	1364.5	1182.5	1164.5	249.5	479	362	1350	-29.60669432	-22.59612935	2
1692	12	1578.5	1513.5	1460.5	1152	1213.5	1027.5	1006	231.5	401.5	296.5	1565	-27.24464614	-22.21817322	2
1668.5	11.5	1554	1480	1433	1180	1244.5	1075	1021	238	377	269.5	1540	-26.18209194	-21.09951486	2
1732	12.5	1601.5	1544.5	1488	1132.5	1179.5	1021.5	936	248	403.5	306.5	1588.5	-30.15985883	-22.17349797	2
1809.5	10	1662	1674.5	1628.5	1383.5	1440.5	1251.5	1206.5	287.5	493	355	1670.5	-28.01489899	-23.80498066	2
1772.5	12.5	1622.5	1626	1581	1337	1409	1213	1186	282.5	447.5	307	1639.5	-28.51304661	-25.86172411	2
1736	10.5	1608	1610	1573	1309	1367.5	1188.5	1140	273	456	324.5	1610.5	-29.16391148	-26.21886767	2
1712.5	9	1568.5	1586.5	1523.5	1230.5	1291	1116	1041	251	395	288.5	1567	-28.83428752	-19.55715519	2
1571	14	1351.5	1232	1331	1419.5	1543	1379.5	1481.5	304	377.5	254.5	1384.5	-29.25203532	-24.62997208	2
1526	13	1274	1229	1310	1240	1300	1127	1079	252	407	325	1327	-27.91333565	-23.74266044	2
1518	12	1244	1169	1261	1177	1242	1063	1008	246	390	286	1292	-27.32157552	-26.79932975	2
1511	12	1166	1177	1243	1126	1200.5	1051	989.5	258	440	315	1278	-28.31584811	-25.59180623	2
1476	13	1123	1159	1223	1048	1132	961	929	261	404	297	1246	-31.28506515	-26.31115048	2
1650.5	12.5	1286.5	1273	1336	1337.5	1443.5	1263	1323	326	791.5	572	1405	-29.67520907	-23.33073086	2
1640	13	1305	1349	1427	1521.5	1642.5	1477	1609	428	834	576	1398.5	-27.06011626	-21.6711081	2
1676	12	1355	1192	1180.5	1058	1107	1001	1052	341.5	623.5	483.5	1433	-28.75887768	-22.05332276	2
1697	11	1515.5	1546	1493	1232.5	1287.5	1102	1042	255	382.5	274	1531.5	-31.66636998	-22.37772694	2
1448.5	10.5	1183.5	1296.5	1272	1132	1208	1044.5	1019	218.5	332.5	227	1229	-28.79091196	-21.77328833	2
1412	10	1171	1138	1015	801	824	716	667	151	132	91	1200	-29.2802579	-23.51553525	2
1605	13	1350	1577	1614	1493	1587	1399	1377	314	406	288	1400	-25.8579017	-23.78089447	2
1577	15	1350	1609	1623	1486	1590	1409	1363	303	375	257	1385	-30.4033817	-23.0234706	2
1512.5	13.5	1284	1428	1462	1282.5	1353.5	1179.5	1123.5	270.5	348	267	1308.5	-27.97559857	-22.04982965	2
1470	10	1255.5	1264	1270	1124	1194	1040	1059.5	252	514.5	384.5	1286.5	-31.41291293	-23.68165736	2
1506.5	9.5	1295	1447	1423.5	1173.5	1252.5	1072.5	1011	199.5	348.5	246.5	1322.5	-26.60966523	-23.37811072	2
1507.5	12.5	1271.5	1397.5	1368	1064	1106.5	930	844	184.5	250.5	174	1309.5	-25.41177295	-25.15947894	2
1406	10	1154	1235	1182	933	966	813	737	168	194	136	1193	-27.82982274	-25.82765232	2
1375	10	1160	1136	1060	913	985	846	788	209	270	225	1203	-30.38649177	-23.05774884	2
1381	12	1160	1187	1128	999	1031	893	819	192	219	148	1215	-30.76909837	-23.74690568	2
1539	10	1269	1150	1192	1187	1274	1137	1180	243	334	234	1318	-30.82335685	-22.18884593	2
1664.5	15	1393	1440.5	1515	1482	1582.5	1403	1461	318.5	727.5	521	1465	-29.99066813	-26.21799548	2
1756	13	1578	1550	1455	1185	1255	1070	1014	236	357	258	1602	-30.71430896	-25.07649972	2
1765	12	1560	1489	1412	1105	1140	973	895	198	267	189	1621	-24.74449252	-23.03821049	2
1528	12	1309	1041	1020	676	691	577	516	159	201	141	1342	-26.88683335	-20.90919893	2
1730	12	1554	1486	1408	1091	1122	961	883	222	303	222	1593	-24.78859451	-24.3354121	2
1747.5	13.5	1636	1593.5	1501	1092	1142	958	872.5	240.5	358	283	1616	-26.20540806	-24.81743143	2
1520	9	1310	1429.5	1462.5	1311	1389	1212.5	1196.5	250	445.5	306	1322.5	-28.24323751	-22.35246127	2
1550	10.5	1232.5	1269	1301	1409.5	1535.5	1387.5	1466.5	348.5	738.5	530.5	1327.5	-27.3449394	-22.85784081	2
1554	15	1316	1517	1585	1490	1587	1427	1423	350	592	388	1339	-30.95509632	-21.21662511	2
1608.5	16	1363.5	1595.5	1646	1552.5	1666	1465.5	1460	383	654.5	465.5	1407.5	-26.35827268	-18.40653722	2
1461.5	16.5	1195.5	1277	1294	1131	1188	1032.5	1008	244	356	266	1223	-27.42378317	-21.96069228	2
1373	14	1194	1151	1396	2444	2706	2420	2902	846	2025	1281	1221	-16.80449331	-11.12134959	3
1356	15	1036	810	1203	2784	3428	3056	3715	843	1908	1059	1103	-15.00643243	-11.57724964	3
1402	14	1124	953	1341	2925	3441	3123	3668	948	2086	1118	1139	-16.00748739	-11.37894294	3
1443	15	1054	777	1229	2955	3491	3454	3737	807	1956	1042	1077	-16.26825807	-10.82918674	3
1333	14	1103	918	1252	2946	3540	3156	3700	1023	1856	1026	1113	-20.50471734	-12.69521062	3
1405	13	1047	827	1160	2583	3189	3115	3347	837	1686	913	1130	-17.32292075	-11.68870777	3
1398	12	1110	986	1267	2764	3193	2798	3468	837	1842	1094	1157	-15.97038772	-11.87849422	3
1455.5	15	1265.5	1125.5	1451.5	2794	3172	3094	3491.5	1038	2144	1347	1252.5	-18.87525348	-13.16090505	3
1760	18	1563.5	1748	2052.5	2659.5	3048.5	2944	3327	946	2944.5	2241	1540	-22.47046242	-15.36249943	3
1590.5	15	1280.5	1113	1458	2813.5	3341	3232.5	3536.5	800.5	2054	1219	1329.5	-18.70089785	-11.59981418	3
1571	19	1209	910	1341	2902	3519	3642	3667	1065	2035	1167	1230	-15.86621819	-11.11801389	3
1241	12	1088	783	1244	3279	3807	3492	4245	957	1980	970	1080	-16.26097889	-11.82266214	3
1249.5	14	990.5	664	1201	2867	3406	3699	3607	1022.5	1982	1076.5	991.5	-17.41112988	-13.94020703	3
1325	14	1048	786	1222	2942	3557	3431	3759	870	1989	1059	1022	-16.76718299	-11.47627419	3
1284	17	1096	699	1310	3074	3509	3435	3811	1055	2069	1073	1043	-15.60298796	-11.71326847	3
1424	14	1098	939	1205	2026	2406	2236	2625	721	1375	815	1153	-16.9273178	-13.5033474	3
1362	14	1200	1150	1339	2430	2798	2335	2910	872	2059	1375	1267	-20.36555921	-12.83632716	3
1355	13	1033	836	1185	2893	3468	3259	3641	991	1814	937	1077	-15.0732765	-10.5891314	3
1438.5	13.5	1257	1186	1505.5	2362	2681.5	2789	2904.5	784	2108.5	1371.5	1254	-15.73411789	-12.40374665	3
1585	19	1586	1884	1916	2437	2682	2653	2922	1061	2897	2154	1514	-18.21067512	-13.15526111	3
1580	16.5	1266	987	1400	3239	3838	3774	4213	971	2084	1147.5	1285	-16.21138301	-12.27722978	3
1609	16	1507	1635.5	1682	1871.5	1998.5	1901	2115.5	830.5	2259	1960	1549	-20.53256027	-11.84550301	3
1323	17	1010	814	1182	2217	2547	2474	2673	979	1664	951	1096	-15.21651812	-9.268333515	3
1405	18	1154	1015	1368	2339	2726	2547	2890	1005	1866	1127	1201	-16.58936043	-11.50556973	3
1595	19	1323	1310	1489	2614	3213	2759	3387	994	2291	1528	1324	-16.07383301	-12.50821554	3
1462	19	1259	1337	1544	2194	2491	2298	2712	950	2323	1624	1285	-17.90228672	-11.24554855	3
1467	15	1294	1351	1462	2041	2303	1939	2401	818	1981	1391	1295	-17.57388609	-10.73687445	3
1454.5	19.5	1173	1041.5	1387.5	2493.5	2744	2520.5	2991.5	1024	2058	1190	1204	-15.29655613	-12.28247709	3
1599.5	18.5	1361	1534	1789.5	2233.5	2499.5	2322	2665	934	2621	2033	1400	-18.9095142	-13.99287501	3
1492.5	15.5	1197	1032.5	1426	2456	2865	3011.5	3109.5	941.5	2144.5	1388.5	1240	-18.97885279	-10.49340905	3
1505.5	16	1275.5	1137	1456	2729	3200	2927.5	3447	825	2127.5	1297	1272.5	-16.11959096	-10.97673334	3
1445.5	13.5	1209.5	1142.5	1335.5	2260	2712.5	2622	2992.5	934	1702	1057.5	1280.5	-14.99023852	-10.402084	3
1327	22	1069	750	1225	2678	2962	3213	3246	1135	1822	925	1080	-16.61091738	-13.44185245	3
1587	13.5	1249.5	1070	1398.5	2524	2899	2765.5	3064	753.5	1880.5	1082	1327	-16.89607825	-13.23263039	3
1648.5	13.5	1412.5	1320	1599	2637	3049	2824.5	3263.5	766.5	2242	1488.5	1455	-15.79301864	-9.462863622	3
1446	16	1097	968	1316	2477	2899	2622	3152	870	1865	1080	1136	-16.42495834	-10.38264679	3
1487.5	16.5	1235.5	1182	1475	2163.5	2442	2389	2634.5	1013.5	2132.5	1442	1257.5	-18.0868985	-13.5994628	3
1529	15	1272	1241	1374	2521	2830	2610	3226	974	1994	1160	1280	-14.43719925	-10.67934226	3
1491	13.5	1213	1188	1430	2184	2542	2361	2653	861	1859	1185	1270	-18.08106273	-11.98606216	3
1550	13	1195	999	1408	2441	2754	2838	2952	774	1972	1204	1238	-15.95775871	-12.03786648	3
1503	15	1197	1011	1398	2533	2959	2860	3233	874	1909	1115	1243	-16.88539771	-12.00953894	3
1542	15.5	1258.5	1225	1569	2323	2624.5	2523.5	2848	1006.5	2011.5	1293.5	1326.5	-17.41145102	-12.91278689	3
1508	15	1234.5	1147	1375.5	2218	2532	2459.5	2804.5	957	1776	1090	1301.5	-17.30996149	-11.76327174	3
1526	22	1431	1579	1681	2237	2553	2491	2791	1109	2599	1792	1415	-18.57780496	-12.14233568	3
1617	20	1321	1289	1705	2508	2827	2790	2994	1238	2582	1915	1303	-15.33336767	-11.78965846	3
1506	15	1180.5	1036	1351.5	2433	2870.5	2542	3051.5	933.5	1968.5	1205.5	1240.5	-17.15987227	-11.78849438	3
1619	19	1374	1238	1451	2000	2206	2187	2359	802	1658	1156	1411	-19.14137544	-10.98131834	3
1655	16	1364	1089	1407	2533	2821	3055	3097	939	1895	1095	1400	-16.83132005	-11.25274198	3
1542	18	1257	1065	1482	2521	2812	2894	3116	887	2142	1285	1303	-16.10707916	-10.32250086	3
1450.5	15	1091.5	749	1254.5	3152.5	3821.5	3885.5	4101.5	1041	1933.5	1039.5	1078	-16.51690071	-12.2810932	3
1402	12	1084	1090	1306	2061.5	2361.5	2259	2560	665	1520	958	1195	-18.9797311	-15.21830817	4
1401	14	1124	1004	1232	2259	2719	2577	2884	633.5	1471	850	1185	-17.2868634	-13.88186549	4
1460.5	15	1198	1054	1277	2235	2666	2523	2855.5	702.5	1521	899	1273	-19.71496802	-16.65562814	4
1336	14	1087	1048	1291	2058	2397	2334	2642	773	1453	898	1145	-16.85199022	-14.76701403	4
1352	15	1141	1080	1303	2162	2546	2411	2822	650	1454	889	1182	-17.43291198	-11.58387587	4
1402	15	1125	1052	1234	2124	2600	2443	2793	735	1434	828	1185	-19.54609296	-13.43264444	4
1366	11	1050	979	1202	2339.5	2885.5	2650	3086	633	1460	819	1140.5	-19.20624068	-13.58787543	4
1437	15	966	854	1044.5	2497	3096	2947	3213	708	1393	787	1086	-15.72770797	-12.53887186	4
1349	17	1058	1061	1289	2000	2362	2219	2562	756	1556	1007	1138	-18.22649957	-13.65559036	4
1336	16	1123	1114	1316	2047	2432	2274	2606	746	1494	939	1201	-19.13978936	-13.16597309	4
1394	16	1194	1125	1322	2147	2555	2328	2701	740	1641	1032	1248	-17.2793593	-13.08884501	4
1599	16.5	1358.5	1452.5	1631	2104	2425	2359	2630.5	721.5	2076	1353	1406.5	-20.98161645	-14.67138931	4
1604	15	1481.5	1679	1846	2357	2704	2656	2977	782.5	2420	1653	1504.5	-23.17338786	-15.98405942	4
1278.5	13.5	991	949	1141	1709.5	1952.5	1918	2135	627.5	1425.5	917	1069	-17.10722582	-13.24328219	4
1417	14	1170	1219	1326	1812	2057	2035	2244	693	2073	1462	1230	-14.05156302	-10.06134472	4
1381	15	1103	889	1279	2849	3526	2923	3628	938	2092	1092	1162	-16.11311065	-11.45329334	4
1423	14	1165	1191	1380	1698	1842	1945	2059	594	1839	1333	1236	-16.83636146	-12.87296044	4
1471.5	12.5	1408.5	1536.5	1558	1989	2274.5	2397.5	2453.5	642	2132	1557.5	1408.5	-17.79518166	-12.5479575	4
1436	14.5	1246.5	1248	1475	2031.5	2322	2153.5	2511	639.5	1977	1314	1286	-18.0332273	-14.3459177	4
1499.5	13.5	1192	1215.5	1426.5	1913	2191	2098.5	2390	724	1951	1334	1277	-19.01708639	-15.15817852	4
1476	15	1184	1175	1241	1693	1849	1919	2075	676	1889	1385	1262	-20.00654933	-13.71839226	4
1438.5	13.5	1202	1325	1436	1938	2187	2105	2308	694	1805.5	1167.5	1296	-16.93543254	-12.88172854	4
1599	17	1401	1400	1550	2172	2414	2403	2622	896	1989	1405	1407	-20.97630674	-13.20021285	4
1512	14	1267	1156	1584	2306	2632	2620	2890	950	2018	1410	1268	-19.13909321	-8.176464505	4
1577	15	1372	1353	1490	2430	2792	2577	3081	922	1916	1244	1404	-15.93315692	-10.81729954	4
1622	14	1456	1368	1524	2227	2637	2675.5	2891	948	1862	1187	1466.5	-18.43058144	-14.30825895	4
1620	15	1304	1354	1601	2372	2774	2535	3012	898	2176	1449	1370	-19.2252315	-12.80767644	4
1629	15	1336	1087	1478	2353	2502	2558	2728	973	2059	1361	1356	-16.25252557	-10.98133501	4
1775	23	1881	2508	2713	2959	3258	3311	3556	1521	3916	2903	1749	-19.61416401	-15.83043788	4
1638	17	1631	1966	2115.5	2494.5	2841.5	2909	3121.5	916	2774.5	1938.5	1586	-20.60502211	-16.4524811	4
1587	22	1504	1861	2113	2295	2562	2480	2792	1135	2674	1774	1481	-20.59783055	-13.54012966	4
1675	23	1402	1752	2004	2167	2411	2269	2671	1179	2855	2035	1413	-22.49604802	-16.36739143	4
1608.5	19.5	1614.5	1996.5	2103.5	2349.5	2650	2737	2865.5	1028	3081.5	2255.5	1552.5	-20.70695758	-15.48421047	4
1650.5	20	1669.5	2168	2365	2767	2984	2994.5	3391	1090.5	3309	2529.5	1629.5	-19.84997789	-14.58265778	4
1583	18.5	1502.5	1836.5	1965.5	2151	2374.5	2437.5	2658.5	943.5	2709.5	1953	1493.5	-19.72642116	-12.18089415	4
1309	17	1076	1152	1376	1665	1860	1864	2083	779	1544	1001	1123	-19.34249504	-15.25826904	4
1607	17	1294	1162	1455	1902	2101	2064	2356	775	1634	1059	1348	-17.02766926	-11.1219893	4
1449.5	12.5	1075	989	1105	1813.5	2090	2066	2279.5	813.5	1418.5	924.5	1192	-19.63407944	-13.9002423	4
1531	14.5	1320.5	1409	1561	1877.5	2083	1942.5	2215	725.5	2284.5	1953	1378.5	-21.89931115	-10.02423003	4
1545.5	15	1380.5	1622	1830	2141	2417	2357	2687.5	902	2578	1883.5	1388.5	-20.88822336	-14.71704393	4
1491	15.5	1228.5	1310.5	1480.5	1988	2282	2329	2478	854.5	2022.5	1392	1265	-19.11784621	-13.52413577	4
1465	14.5	1160.5	1195.5	1416.5	1802	2036.5	1988	2206.5	805	1884	1282.5	1211.5	-17.74732049	-14.12682609	4
1529.5	17	1389	1715.5	1765	2070	2326.5	2391	2466.5	915.5	2492	1670	1398	-17.76148106	-12.37699745	4
1525.5	18	1292.5	1507.5	1656.5	1839.5	2029	1973.5	2243.5	847	2261	1595	1347.5	-18.85267771	-13.83989951	4
1493	19	1191.5	1319	1447.5	1613	1805	1702	1931	766.5	2079	1511	1275.5	-19.56940141	-14.07161343	4
1527.5	16.5	1243	1332.5	1600.5	1877	2074.5	2151	2263.5	861.5	2203	1692	1302	-16.02846173	-11.81136921	4
1564	14.5	1301	1331.5	1511	2084.5	2413	2294	2631	678.5	2013.5	1382	1354	-16.71192892	-12.50831835	4
1508.5	12.5	1225	1155	1400	2088	2466	2319	2657	709	1864	1204	1285	-18.11258792	-13.59488145	4
1437.5	14	1375.5	1492	1602	2116.5	2391.5	2404	2575	822	2061.5	1465	1361.5	-17.93791398	-13.91490923	4
1496.5	13.5	1376.5	1563	1783.5	2198.5	2494	2442.5	2767	810	2445	1804	1363.5	-22.73867503	-15.98870673	4
1722	21	1387	1344.5	1797	2660	2896	3048	3195	925	2414	1789	1444	-15.67627814	-12.61603413	5
1829	20	1508	1546	1760	2689	2989.5	2920	3199	954	2573	1988	1505	-16.40607641	-11.66104478	5
1854	21	1691	1974	2087	2528	2705	2583	2844	923	2943	2595	1622	-20.9508231	-12.98261173	5
1858	20	1783	2040	2127	2583	2781	2629	2867	942	2946	2663	1714	-23.8618469	-12.83356784	5
1894	22	1772	2027	2154	2593	2831	2625	2923	951	2991	2654	1721	-20.3883836	-14.21892528	5
1816	20	1753.5	1872.5	2082.5	2626	2859.5	2680	2951.5	949	2916	2519	1673.5	-20.55133531	-13.7743658	5
1816	20	1741.5	1875.5	2063.5	2625.5	2865	2676.5	2974	949	2830	2440	1685.5	-21.06805715	-13.85118523	5
1846	21	1811	2020.5	2190.5	2719	2974.5	2850	3098.5	993	3190	2808	1709.5	-21.48025903	-14.16897463	5
1849	21	1732.5	1918.5	2121	2651	2904.5	2728	3027.5	979	3105	2698	1664	-23.65528573	-14.64064824	5
1838	21	1827.5	1991	2141	2594	2807.5	2633	2904.5	835	3082	2736	1716.5	-20.66517749	-15.64559296	5
1798.5	21	1718	1834.5	2020.5	2573.5	2771	2662	2915	850	2911	2538	1668.5	-20.52180404	-13.76168556	5
1810	21	1698.5	1860.5	2032	2544	2783.5	2627	2893.5	849	2870	2305.5	1642.5	-22.77362847	-12.31611687	5
1812.5	19	1593.5	1616.5	1885	2662	2949	2797	3080.5	854.5	2784	2323	1557.5	-18.67701122	-12.82257374	5
1842.5	19.5	1758.5	1933	2121.5	2590.5	2809.5	2616	2949.5	844	2906	2418	1682	-20.44041554	-14.83296554	5
1741	20	1507	1477.5	1872	2680.5	2954	2834.5	3114	837	2706	2197	1485.5	-18.84757813	-12.74322605	5
1748.5	19.5	1663	1763.5	1942	2670.5	2934	2745.5	3145	872.5	2681	2133	1591.5	-21.89470818	-13.01710709	5
1845.5	19.5	1698.5	1819.5	2004.5	2556.5	2785.5	2638	2866.5	848	2725	2264	1643	-20.82606449	-11.21798569	5
1808	21	1629	1701.5	1908.5	2572	2819	2675	2952.5	848	2625.5	2118	1587.5	-19.27797399	-13.53379091	5
1799.5	20.5	1595	1737	1952.5	2587	2810.5	2631.5	2943	844.5	2645.5	2119	1561	-19.91765733	-14.09104298	5
1856.5	19.5	1610.5	1730.5	1941	2556.5	2797.5	2657	2955.5	863.5	2668.5	2129.5	1550	-19.87114076	-14.56948751	5
1586	17	1516	1735	1863	2054	2183	2109	2300	837	2564	2236	1505	-20.44115152	-12.11863856	5
1594	20	1495	1706	1829	1990	2169	2094	2287	854	2563	2233	1465	-19.37866947	-11.0601564	5
1381	16	1108	950	1531	2282	2526	2591	2735	842	1786	1173	1115	-15.25082514	-9.540715954	5
1357	18	1117	1005	1565	2418	2714	2667	2964	902	1776	1088	1125	-15.24672658	-9.396571315	5
1448	17	1501	1738	1897	2091	2236	2141	2328	817	2470	2120	1464	-22.23179664	-12.67184079	5
1498	18	1622	1865	1963	2138	2283	2236	2366	831	2594	2272	1535	-22.84182556	-12.53024861	5
1521	18	1558	1785	1917	2061	2214	2120	2320	793	2623	2320	1515	-19.6498715	-12.07879396	5
1521	19	1545	1737	1817	1971	2125	2088	2270	811	2627	2273	1506	-24.07140015	-11.61619418	5
1462	17	1480	1704	1787	1956	2102	2073	2281	843	2468	2131	1447	-20.8374809	-12.42462772	5
1592	19	1557	1774	1874	2038	2177	2106	2276	845	2604	2319	1510	-21.67226265	-12.05784478	5
1628	18	1665	1958	1993	2201	2330	2232	2392	876	2758	2469	1586	-21.18048277	-12.07144888	5
1587	20	1623	1888	2021	2212	2368	2301	2503	893	2765	2416	1554	-18.03608377	-10.31530715	5
1554	18	1516	1728	1906	2192	2365	2305	2498	900	2591	2196	1467	-19.04547441	-11.54429657	5
1361	14	1133	1135	1610	2205	2476	2462	2719	896	1898	1289	1146	-15.24171903	-10.14724274	5
1525	19	1597	1830	1906	2068	2176	2091	2275	822	2554	2281	1549	-20.2842952	-11.61813393	5
1548	18	1625	1871	1966	2115	2238	2123	2278	809	2605	2367	1578	-21.4875666	-11.5912095	5
1545	19	1644	1878	1985	2121	2264	2191	2377	832	2705	2444	1592	-22.01350935	-10.97582081	5
1535	18	1666	1915	2024	2156	2301	2200	2356	842	2701	2475	1591	-23.8819858	-11.35298692	5
1875	18	1820	2031	2089	2411	2585	2451	2676	828	2825	2618	1795	-23.56032072	-15.26370154	5
1833	19	1752	1860	1928	2382	2530	2449	2669	817	2736	2488	1725	-24.07372978	-14.8462838	5
1873	17	1790	2078	2108	2449	2623	2484	2729	845	2974	2762	1774	-23.04011643	-14.42777743	5
1860	16	1838	1905	2054	2369	2526	2408	2613	829	2792	2554	1779	-23.80817665	-17.59595914	5
1829	17	1735	1877	1955	2387	2564	2412	2684	832	2687	2353	1741	-19.39124792	-14.26379504	5
1816	18	1629	1692	1833	2329	2537	2430	2654	846	2655	2341	1635	-20.64195234	-12.54172019	5
1778	17	1648	1943	1827	2324	2599	2457	2667	801	2566	2291	1633	-20.40343434	-11.88288035	5
1857	17	1630	1828	1916	2344	2533	2390	2625	834	2752	2492	1628	-23.12190052	-10.45708185	5
1818	17	1791	1903	1979	2426	2593	2427	2702	813	2779	2531	1785	-25.97046104	-15.86109228	5
1816	17	1844	1966	2062	2433	2646	2451	2743	845	2842	2565	1818	-25.58482617	-15.78694351	5
1650.5	15.5	1613.5	1716.5	1940.5	2779.5	3174.5	3017	3369.5	930.5	2691	1992	1532	-16.39361089	-10.94527599	5
1574	15.5	1798	2134	2294.5	2591.5	2843	2675.5	2985.5	800.5	3144.5	2721.5	1631.5	-24.61652024	-11.64583322	5
1675	17.5	1419	1445.5	1678.5	2197	2474.5	2344.5	2609	844.5	2188	1572	1463.5	-19.24255081	-10.01885374	6
1466	19	1109	957	1185	2481	3047	2876	3237	1076	1804	1008	1175	-17.34551155	-7.06651925	6
1463	20	1056	921	1038	2467	3489	3364	3751	1225	1787	914	1168	-17.15218488	-7.721124127	6
1544.5	21	1291	1212	1482.5	2449.5	2896	2798	3051.5	1041	2362	1457.5	1290.5	-22.64429459	-5.93004634	6
1498	14	1212.5	1091.5	1250.5	2368.5	2936	2769	3060	835.5	1863	1151.5	1288.5	-15.52766761	-6.56405098	6
1461	14	1185	1006.5	1201	2525	3236.5	3100.5	3385	911.5	1798	1019	1246	-15.28369073	-6.104376373	6
1447.5	14	1163.5	957	1191	2560.5	3286.5	3099	3381.5	917	1771	969.5	1228.5	-16.80295657	-6.52099178	6
1447	13.5	1177.5	976.5	1212	2509.5	3175	2988	3310	898.5	1756	976	1236.5	-14.97259892	-7.396418952	6
1513	14	1296	1193.5	1383	2309.5	2752.5	2638.5	2886	784.5	1864.5	1223	1337	-21.00522544	-5.931012731	6
1380	15	1008	806	1017	2399	3075	2909	3238	939	1608	822	1099	-16.16452571	-10.43025606	6
1427	16	1007	785	1025	2397	3092	2965	3209	991	1573	784	1091	-14.95770978	-8.20976135	6
1439	20	977	847	987	2045	2667	2540	2805	903	1487	829	1104	-17.54926518	-11.61585841	6
1383	17	1024	837	1051	2321	2887	2722	3026	907	1681	895	1116	-19.22353838	-10.45383634	6
1493	13.5	1173	1024.5	1208.5	2294	2896.5	2717	3044	777	1682	1016	1256	-14.73416	-9.134557016	6
1502	13	1119	951	1139	2131	2839	2772	3024	850	1562.5	891	1204	-15.66980466	-8.672799122	6
1498	15	1249	1118	1314	2248	2728	2449	2824	855	1670	1006	1242	-15.25057879	-3.391424873	6
1528	17	1300	1204	1447	2146	2422	2304	2555	821	1909	1279	1315	-16.51912601	-8.0854888	6
1443	12	1133	930	1320	2122	2595	2576	2769	829	1917	1166	1199	-14.89280343	-8.195159899	6
1445	15	1057	881	1046	2205	2654	2547	2841	866	1605	879	1149	-13.57536826	-9.12407452	6
1447	13	1098	870	1164	2497	3156	2990	3303	935	1826	975	1160	-17.20131003	-10.33396023	6
1369	17	1045	846	1147	2428	2922	2776	3109	1148	1880	1100	1113	-16.6754704	-4.824247169	6
1367	18	976	773	979	2395	3079	2943	3233	1127	1633	875	1042	-15.09775731	-7.794305925	6
1402	13	1109	916	1178	2157	2665	2593	2781	862	1930	1204	1156	-16.49195019	-9.056572422	6
1452	15	1117	964	1193	2076	2556	2426	2646	818	1794	1093	1173	-15.46467057	-6.62144802	6
1409	15	980	760	951	2298	2908	2798	3019	842	1533	771	1083	-15.45377271	-7.140189229	6
1476	15	1034	830	1005	2214	2737	2676	2916	813	1560	821	1131	-16.20980435	-7.425237112	6
1526	13	1235	1138	1305	2314	2729	2672	2840	817	2052	1343	1270	-17.86825136	-8.589902604	6
1365	26	1051	894	1121	2278	2749	2601	2807	1031	1823	1036	1113	-16.5260724	-7.266947595	6
1356	28	1018	824	1043	2258	2752	2604	2809	1087	1608	869	1109	-15.23907049	-4.004161179	6
1332	29	973	741	920	2487	3368	3187	3504	1217	1584	742	1086	-15.05423205	-9.0534552	6
1543	15	1180	994.5	1210.5	2159.5	2624.5	2485	2727.5	714	1600.5	930.5	1252.5	-14.98211656	-8.957847416	6
1502	13.5	1205.5	1062.5	1242	2202	2665.5	2497.5	2781	720.5	1615	972	1282.5	-16.78513327	-9.230461964	6
1548	15	1210	1099	1284	2162	2616	2435	2719	740	1726.5	1130.5	1269	-15.83052359	-11.18990321	6
1541.5	12.5	1298.5	1204	1399	2131.5	2465.5	2318.5	2583.5	680	1797	1213	1329.5	-18.60266088	-10.19347401	6
1518	11.5	1196	1005	1228	2393.5	2976	2807	3120.5	788	1710.5	992.5	1260	-16.21566059	-9.966039678	6
1477	13	1263	1260.5	1520	2023.5	2398	2264	2477	683	1835	1304	1304	-16.17797511	-10.95459794	6
1446	12	1061	983	1162	1986	2345.5	1900	2397	645	1269	805	1176	-14.56598891	-8.668596283	6
1536	12	1282	1163	1321	2261.5	2523	2372	2584	746	1617	1040	1330	-18.05099633	-11.50246281	6
1533	14	1263	1273	1532	2290.5	2751	2558	2853	630	1885	1437	1295	-17.61643906	-9.621722791	6
1525	12	1243	1346	1454	1874	2092.5	1964	2187.5	573	1601	1222.5	1317	-18.79552755	-10.96541034	6
1437.5	15	1173.5	1005	1337	2274	2632	2544.5	2781	767.5	1628.5	1052.5	1184	-16.91397588	-5.56999584	6
1396	14	1234	1249	1509	2193	2470	2299	2588	778	1755	1407	1236	-16.67786656	-9.742453053	6
1302	12	1073	1098	1266	1764	1941	1846	2022	708	1304	1007	1120	-17.58873252	-7.197428555	6
1507	13	1109	1045	1172	1828	2058	1893	2154.5	516	1315	1007	1219	-17.77988104	-11.25333602	6
1483	15	1099	960	1133	2197	2553	2350	2715.5	628	1571.5	740.5	1195	-14.81658464	-7.760996069	6
1480	13	1136	1068	1216	2058.5	2367.5	2137	2417	748	1480	990	1231	-15.14337203	-5.039656838	6
1574.5	14	1285	1338	1411	1932	2151.5	1964.5	2190.5	556	1743	1276	1365	-19.87587681	-11.58222492	6
1542	13	1209	1056	1261	2133.5	2512	2300	2612	621	1622	1020.5	1289	-15.74511489	-10.34447369	6
1421	19	1345	1397	1503	1904	2124	2033	2238	912	2290	2130	1345	-21.460129	-10.48183135	6
1491	14.5	1310.5	1182.5	1340.5	2396	2908	2713	3050.5	837	1948	1282	1340	-14.55979336	-8.20293964	6
1519	57	1375	1496	1671	2166	2402	2324	2533	1100	2509	1964	1373	-18.26011324	-7.118781032	7
1519	57	1375	1496	1671	2166	2402	2324	2533	1100	2509	1964	1373	-18.26011324	-7.118781032	7
1572	14.5	1303	1198	1543	2874	3367.5	3191	3543.5	793	2213	1386	1297.5	-14.06887399	-8.984934326	7
1558.5	15.5	1371	1335	1593.5	2763.5	3272.5	3035	3426	851	2306.5	1500.5	1341	-17.48853803	-9.070365272	7
1551	16	1289	1216	1474	2163	2422.5	2312.5	2573.5	832.5	1841	1229	1297	-15.43847594	-4.184996245	7
1528	16	1240.5	1146.5	1419.5	2004	2315.5	2213	2434.5	881	1729.5	1109.5	1276.5	-14.59109801	-7.310870238	7
1370	15	1047	866	1207	2908	3729	3643	3950	1098	1773	881	1113	-15.20932747	-7.174995972	7
1378	17	1095	996	1269	2479	3024	2977	3136	1053	1764	1047	1155	-16.06995766	-6.875939568	7
1497	17	1335	1350	1527	2023	2232	2191	2289	872	1825	1261	1332	-19.62378103	-7.798625618	7
1428	17	1156	1142	1385	1921	2193	2197	2426	851	2126	1401	1212	-15.03093693	-10.00049054	7
1584	20	1333	1211	1721	2582	3079	2794	3422	1145	2157	1280	1303	-17.70427866	-10.88766878	7
1659.5	15	1329	1233.5	1563	2359.5	2703	2732	2857	838	2034	1415	1372.5	-15.27553911	-9.171953271	7
1512.5	16	1278.5	1108	1515.5	2840.5	3392.5	3369	3604	1015	2206	1270	1299	-13.87049504	-8.059963728	7
1500	16	1316.5	1100.5	1543	3103.5	3702.5	3624	3875.5	1047	2190	1207	1301.5	-14.15399929	-7.328344095	7
1556	21	1365	1377	1749	2578	2950	2860	3108	1171	2394	1683	1307	-16.9010277	-9.858999422	7
1556	21	1478	1582	1857	2503	2795	2747	2975	1171	2620	1921	1420	-16.74312643	-8.024507869	7
1557.5	13	1433	1514	1609	1985	2230.5	2127	2371	615	2117	1751	1429.5	-23.87977455	-14.99330271	7
1562	12	1419	1501	1623	2009	2259.5	2158	2375.5	633	2085	1699	1414	-23.31727966	-14.87864241	7
1412	11	1106	921	1177	1915.5	2273	2105	2455	710	1383	791.5	1166	-15.95596257	-12.01203698	7
1465	11	1308	1277	1511	2091	2378	2266	2497	660	1816	1458	1383	-18.3954355	-9.970454757	7
1483	15	1455	1468	1447	2036	2327	2225	2481	670	1842	1354	1449	-20.79284666	-13.86922133	7
1523	15	1448	1579	1656	1967	2177	2128	2253	661	2070	1661	1436	-24.39993447	-11.29789385	7
1507	14	1452	1545	1686	2092	2328	2302	2422	652	2281	1828	1484	-23.15900363	-14.67766169	7
1545	15	1528	1680	1790	2172	2404	2320	2508	641	2265	1835	1481	-23.34546671	-13.45289854	7
1466.5	16	1442.5	1572.5	1534	2142	2403.5	2194.5	2548.5	836.5	1997	1603	1428	-18.27503182	-10.00731856	7
1529	15	1453	1559	1585	1951	2146.5	1988	2245	787	2021	1729.5	1453.5	-19.07330906	-8.185177452	7
1389	15.5	1178.5	1182.5	1331.5	2036.5	2329	2180	2497.5	780	1764.5	1292.5	1214	-13.94343936	-9.858474744	7
1389	15.5	1243.5	1267	1398	2052.5	2348.5	2243.5	2481	780	1786	1359	1264	-15.72653561	-10.80562282	7
1391.5	16.5	1374.5	1462	1645.5	2169.5	2376.5	2262.5	2478	775	2017.5	1574	1358	-18.73287092	-12.04379541	7
1454.5	16	1391.5	1488.5	1687	2140.5	2332.5	2235.5	2441	845.5	2087	1684.5	1370.5	-20.02966865	-11.30660372	7
1540	16	1305	1345.5	1518.5	1909	2161	2072.5	2288	859	1980.5	1570	1318.5	-20.53873982	-9.751839599	7
1506.5	15	1293.5	1255.5	1470.5	2102	2303.5	2450	2515	881	1787	1310.5	1319.5	-20.1429937	-9.980187745	7
1558	15	1450	1470	1729	2234	2460	2341	2559	889.5	2116	1635.5	1449	-17.65872126	-5.977251406	7
1378	15	1241	1111	1373	1973	2166	2040	2257	775	1705	1302	1256	-16.32689363	-7.907674248	7
1466	16	1410	1418	1648	2198	2400	2339	2501	790	2248	1867	1420	-15.22531644	-6.782861899	7
1356	16	1281	1166	1325	1846	2122	2002	2197	790	1668	1205	1308	-16.0693144	-7.249672274	7
1440	17	1364	1362	1588	2084	2335	2252	2447	778	2089	1765	1392	-15.20870341	-9.467457812	7
1362	15	1157	1048	1292	1826	2014	1935	2142	705	1606	1155	1247	-15.58591428	-9.151670409	7
1290	18	1106	938	1188	1873	2188	2011	2337	694	1457	1042	1145	-16.72208524	-8.744971314	7
1297	16	1063	905	1287	2560	2893	2796	3073	816	1867	1182	1114	-14.58130885	-9.293902385	7
1302	15	1084	886	1226	2097	2562	2404	2729	778	1569	918	1131	-19.6749715	-13.34476551	7
1327	18	1102	910	1372	2583	3000	2883	3162	847	1896	1203	1114	-16.88307137	-9.113760943	7
1684.5	43	1742	1963	2202	2522	2726.5	2621.5	2880	1017.5	3051	2692.5	1623	-18.35525454	-7.154629204	7
1629	42.5	1752.5	1955.5	2161.5	2549.5	2782.5	2700	2916	988	3019.5	2654	1618	-18.83029268	-9.088364409	7
1662.5	43.5	1601.5	1740.5	1956.5	2355	2562.5	2416.5	2721	1002.5	2785.5	2375.5	1516.5	-18.81799387	-7.676603577	7
1617	44	1492	1620	1754.5	2012.5	2170.5	2068	2243.5	890	2285	1985.5	1462	-17.6834269	-7.323216903	7
1292	17	1033	844	1155	2318	2593	2571	2787	839	1499	1027	1118	-15.00508561	-9.208827013	7
1389	17	1112	891	1376	2374	2654	2644	2950	946	1912	1349	1153	-13.53518298	-8.56873853	7
1240	17	948	821	1108	2037	2430	2407	2660	1113	1527	927	990	-19.13635404	-13.75039147	7
1211	17	857	532	979	2491	3143	3142	3417	1157	1368	704	907	-18.52408885	-14.11981503	7
1511.5	15	1265.5	1142.5	1484.5	2501	2860	2803.5	3145	863.5	2117.5	1324.5	1267	-17.48599771	-10.36490359	8
1491	14.5	1315.5	1280	1557.5	2149.5	2437	2368.5	2620	749	1937.5	1270	1307.5	-16.25178939	-9.667756397	8
1565	16.5	1424	1501.5	1793.5	2373.5	2673.5	2565.5	2881.5	874	2493	1839	1402	-16.95087766	-11.15474367	8
1519	19	1345	1425	1672	2452	2853	2839	3116	1088	2341	1524	1357	-17.40299754	-8.518962377	8
1497	20	1311	1412	1593	2462	2789	2575	2985	1112	2244	1389	1295	-17.39576324	-12.32250293	8
1566	20	1550	1829	2098	2626	2902	2863	3199	1131	2855	1992	1491	-16.58021621	-13.5144884	8
1634	18	1423	1332	1751	2665	3024	2966	3158	1018	2198	1462	1377	-16.19271952	-9.201604365	8
1558	20	1391	1732	1981	2291	2591	2523	2904	1033	2816	1872	1376	-16.5993928	-10.10931385	8
1580	18	1374	1673	1909	2242	2540	2483	2794	1010	2621	1716	1377	-18.99677933	-12.44485772	8
1559	18	1473	1836	2043	2399	2718	2746	3044	1076	2897	1896	1438	-16.05716528	-10.86765478	8
1675	17	1524	1440	1699	2339	2541	2473	2710	847	2210	1715	1509	-17.90948962	-11.11791388	8
1372	11	1149.5	1025	1313	2178	2533	2267	2674	769	1653	1014	1213	-17.13079348	-11.7441024	8
1379	13	1085	901	1168	1921	2286	2137	2417	747	1347	765	1124	-17.83216328	-11.88689716	8
1347	14	1068	886	1192	2100	2536	2396.5	2721	741	1389	767	1101	-17.3070661	-12.72256233	8
1348	12	1159	935	1240.5	2055	2456	2245	2402	719	1479.5	882	1155	-15.81632853	-11.65716177	8
1574	13	1604	1684	1695	2165	2419	2340.5	2531	659	2082	1650	1557	-20.99964688	-11.75189933	8
1408	13	1034	877	1217.5	2336	2777.5	2616.5	3041	731	1582	927	1131	-17.15616421	-13.72433266	8
1429	13.5	1188.5	1270	1520	2101.5	2472	2414	2689.5	869.5	2016	1346.5	1234	-20.10672004	-14.71663652	8
1396	14.5	1117	1113	1341	1969.5	2299	2331	2522.5	880	1729	1077	1175	-16.97953603	-10.24660387	8
1644	13	1366.5	1377.5	1526.5	1957	2134	2065.5	2258	683	2068	1594	1422.5	-17.15365858	-10.30068698	8
1277	17	972	767	1179	2381	2677	2337	2831	1023	1631	879	993	-15.82033493	-10.68346626	8
1271	17	948	707	1135	2155	2403	2360	2573	952	1760	963	996	-14.95014954	-9.871840433	8
1271	16	927	702	1180	2163	2478	2285	2630	899	1630	913	981	-14.77943534	-10.28614072	8
1396	14	1020	729	1145	2939	3554	3352	3745	1031	1896	958	1113	-19.28847969	-12.38396091	8
1390	15	1033	823	1197	2063	2366	2339	2528	701	1619	888	1144	-15.45096503	-9.426396581	8
1396	16	1112	867	1275	2724	3366	3224	3606	846	1814	987	1104	-16.27272704	-12.03517982	8
1497	15	1025	753	1218	2465	2872	2741	3085	686	1777	1011	1125	-14.76153674	-10.73401769	8
1488	15	1202	1212	1401	1911	2140	1992	2254	610	1749	1277	1245	-18.61300224	-10.49018591	8
1419.5	13	1107.5	941	1332	2261.5	2687.5	2544.5	2936.5	842	1770.5	1049	1147	-14.69900486	-9.598628053	8
1448	14	1125.5	960	1252.5	2445.5	2907.5	2842.5	3101.5	811	1753.5	1018.5	1162.5	-16.19327064	-10.47751922	8
1400	13.5	1104	813.5	1288	2989.5	3763	3898	3941.5	911	1828.5	991	1131.5	-15.86407107	-10.41109372	8
1447	13.5	1126	974.5	1290	2133	2500.5	2348.5	2661.5	773	1763	1021.5	1188	-14.948044	-10.09046352	8
1430	14	1122	967.5	1413.5	2177.5	2554	2359	2722.5	829.5	1936	1204	1182.5	-17.72914422	-12.44195059	8
1441	14	1238	1099	1447	2283	2676	2570	2854	880	1806	1117	1254	-16.21409378	-10.37237706	8
1439	15	1152	851	1388	2699	3251	3248	3481	919	1846	1066	1160	-16.10159303	-10.57270262	8
1492	14.5	1259.5	1136	1325.5	2234	2715	2500.5	2819	712.5	1890.5	1209.5	1301.5	-15.9245822	-9.870174733	8
1591.5	14.5	1296	1234.5	1511.5	2194	2495.5	2323	2635.5	707.5	2118	1478.5	1328.5	-17.41239849	-8.342824381	8
1373	15	1156	1083	1318	2173	2551	2411	2726	842	1849	1138	1189	-17.19924241	-11.00863234	8
1468	15	1343	1375	1616	2113	2358	2287	2475	700	1990	1480	1320	-19.53414993	-10.34245604	8
1554	14.5	1166	1058	1239	1725	1892.5	1870	2042	683	1476	1022.5	1275	-13.54094736	-9.575011734	8
1470	14	1132.5	1001.5	1335	2100	2360.5	2170	2515	759	1597.5	942.5	1213	-15.2784999	-8.786768675	8
1519	14.5	1410.5	1450.5	1613.5	2185	2487.5	2378	2639.5	776.5	1894.5	1370.5	1410	-16.25495866	-10.8784261	8
1564	14	1281.5	1204.5	1506.5	2056	2347.5	2160.5	2462	773.5	1786	1204	1292.5	-15.36210738	-9.516570216	8
1584	15.5	1500	1615.5	1838.5	2396.5	2678	2660.5	2897	773.5	2301.5	1657.5	1461.5	-17.60831279	-11.33106935	8
1515	19	1216	1084	1440.5	2524	2958.5	2697.5	3206.5	1005.5	1928	1146	1220	-14.2565259	-9.44255207	8
1423	18	1140.5	1005.5	1343.5	2174	2427.5	2303	2631	1007.5	1703	958	1168.5	-14.10123905	-10.1553931	8
1468.5	18	1141	978.5	1377.5	2160	2518	2516	2660	871	1763	1071.5	1186.5	-14.85414865	-10.47333225	8
1484.5	17	1134.5	969	1363.5	2554.5	2920	2735	3269.5	953.5	2000.5	1172	1210.5	-15.82817682	-11.02354171	8
1520.5	18.5	1290	1514.5	1686	2015	2206.5	2198.5	2423	928	2294	1611.5	1326	-17.46811518	-11.23596193	8
1573	15	1498.5	1673.5	1908.5	2340.5	2708	2569	2975	865	2496	1793.5	1497.5	-18.23136753	-12.00881198	8
