1551	1180	977	1055	1496	2388	2900	2695	2962	1358	22	2251	1478	-16.66547317	-10.32438014	0
1456	1156	954	1037	1232	1972	2295	2148	2529	1212	22	2162	1226	-16.7456812	-12.94377065	0
1659	1430	1270	1436	1625	1854	2031	2000	2128	1221	22	2285	1641	-23.36420018	-15.12591055	0
1467	1317	1148	1101	1253	1929	2127	2251	2380	1234	22	1849	1364	-14.51178387	-10.9706957	0
1474	1287	1153	1242	1503	2473	2860	2983	3114	1317	22	2099	1282	-17.10366132	-11.52560826	0
1757	1173	962	1024	1233	1444	1585	1300	1684	1159	22	1706	1399	-13.69801299	-8.33676417	0
1528	1214	1024	1188	1152	2048	2357	3192	2884	1313	21	1893	1189	-15.88046017	-8.210671503	0
1489	1170	997	930	1309	2089	2443	2678	2505	1159	20	1937	1400	-13.92107895	-8.089058423	0
1496	1090	902	832	1124	2142	2465	2534	2600	1211	22	1859	1086	-13.75497936	-10.67976809	0
2237	1894	1797	2133	3250	3441	3749	2442	3428	1334	25	2448	2124	-19.06282287	-11.61049067	0
1530	1446	1210	1338	1377	1798	1969	2269	2115	1137	18	1981	1405	-15.25372359	-10.11924682	0
1576	1355	1141	1115	1249	2088	2615	2918	2835	1294	20	1853	1350	-19.95356739	-13.67020336	0
1517	1108	897	819	1161	1996	2294	2224	2543	1262	20	1763	1076	-15.19815481	-8.986326582	0
1467	1082	841	818	943	1912	2162	2527	2371	1216	21	1632	1005	-14.95293711	-8.506449156	0
1528	1156	945	836	1108	1583	1747	1577	1942	1004	23	1601	1154	-13.98141044	-9.610430671	0
1417	1115	897	852	1037	1869	2268	2356	2480	1287	21	1644	898	-12.85072557	-10.95958613	0
2009	1340	1193	1242	1481	1594	1741	1447	1934	1068	24	2373	2011	-16.77106131	-9.490241058	0
1473	1077	925	807	1032	1538	1678	1920	1854	994	18	1552	1081	-14.39539015	-7.924403981	0
1541	1133	896	842	1039	1646	1807	1579	2011	1154	18	1660	1094	-14.73766042	-2.17326107	0
1507	1173	910	878	1163	1960	2219	2081	2296	1298	18	1435	987	-15.03566069	-11.38189981	0
1459	1094	882	866	986	1691	1993	2271	2101	1143	20	1613	1046	-13.20630882	-7.041904117	0
1525	1535	1369	1445	1510	2198	2544	2160	2643	1219	19	2042	1523	-17.44701769	-10.31334512	0
1510	1054	893	817	989	1964	2393	1828	2685	1208	20	1457	1022	-13.31052194	-6.412141537	0
1572	1196	996	1042	1337	1850	2106	2415	2236	1170	20	1764	1154	-19.04147918	-12.16321158	0
1610	1267	1086	1085	1377	1962	2120	1565	2368	1069	20	1750	1274	-17.43172319	-9.36891708	0
1475	1061	843	838	1068	1803	2071	2035	2378	1371	20	1937	1110	-13.01993162	-7.96886657	0
1695	1385	1197	1309	1435	1950	2186	2105	2385	977	19	2040	1370	-20.30489726	-13.22584051	0
1452	1136	962	919	1255	3052	3940	4068	4198	2125	20	1667	729	-21.14808573	-15.55686883	0
1496	1210	999	966	1338	2185	2538	2082	2712	1174	18	1923	1292	-14.99737886	-9.070712364	0
1477	1200	950	933	1071	1971	2400	2358	2601	1212	20	1781	1099	-17.40612905	-11.49746089	0
2150	1861	1877	2090	2599	2790	2886	2527	3246	1574	27	2577	2033	-17.73858803	-8.526237092	0
1907	1577	1483	1660	1752	1785	1880	1776	1886	1019	21	1480	1295	-15.35279813	-6.012281826	0
1477	1111	920	828	1055	1544	1784	1474	1976	1149	18	1695	1122	-14.13397691	-8.477872286	0
1529	1173	1005	1006	1242	2090	2599	2883	2781	1264	21	1862	1034	-16.09456093	-7.294442989	0
1462	1194	1040	935	1243	2089	2311	2455	2664	1491	22	1931	1241	-16.06270179	-9.108382849	0
1600	1301	1272	1327	1546	2013	2058	2070	2364	1301	22	2012	1569	-15.96770077	-10.23737065	0
2112	1923	2022	2388	2417	2585	2605	2617	2696	1391	23	3019	2750	-23.37713706	-16.28757071	0
2010	2199	2150	2339	2402	2549	2581	2644	2637	1331	24	2869	2556	-26.2152045	-18.49819673	0
1770	1817	1781	1858	1850	2096	2268	2303	2490	1329	24	2503	1972	-21.60021778	-15.34890752	0
2021	1469	1202	1195	1204	1297	1287	1206	1207	1079	21	1424	1199	-16.03601404	-8.863142759	0
2068	2129	2142	2388	2359	2516	2674	2691	2781	1427	28	2766	2116	-26.34593211	-18.69568488	0
1613	1923	1760	1920	1980	2446	2724	2633	2935	1189	22	2172	1772	-20.59673994	-14.77292223	0
1463	1135	882	875	1293	1545	1804	1288	1883	1217	18	1274	861	-22.32036233	-16.19976962	0
1460	1135	945	844	1165	1759	1834	1822	2244	1149	21	1907	1204	-13.37215469	-8.227723037	0
1466	1273	1203	1147	1375	1903	2139	2390	2323	854	17	1410	1240	-15.02535307	-6.410448449	0
1515	1373	1314	1570	1903	2360	2619	2770	2922	1369	22	2724	1722	-18.95732716	-13.52784901	0
1795	1336	1168	1255	1611	2125	2383	2209	2578	1040	19	1975	1381	-17.35634678	-11.43789563	0
1904	1673	1623	1783	1682	2045	2107	2214	2131	1160	18	1809	1424	-17.43377667	-10.21789083	0
2182	1753	1782	2103	2012	2427	2391	2285	2452	1432	23	2222	1845	-17.03110994	-5.400913601	0
1612	1343	1196	1405	1694	2049	2338	2368	2510	1283	26	2521	1532	-20.81435893	-15.81771469	0
1584.5	1468	1437	1797.5	1949	2097.5	2268.5	2307.5	2540.5	1183.5	24.5	3695.5	2510	-25.45069385	-17.61408638	1
1510	1421	1406.5	1733	1848.5	1963.5	2114	2101.5	2324.5	1056	23.5	3306	2409.5	-26.31714463	-15.0080183	1
1605	1606.5	1730.5	2295.5	2500.5	2702	2954	2917.5	3247	1410	22.5	3603	2586.5	-25.46535583	-14.73727823	1
1481.5	1326	1292	1641.5	1825	1953.5	2130	2167.5	2402.5	1151.5	23	3568	2464	-24.89139008	-16.54309081	1
1592.5	1625.5	1731	2328.5	2537	2724	2978.5	2981	3297	1433	23.5	3888	2761	-24.96491363	-15.84707966	1
1352.5	1211	1126.5	1419.5	1515.5	1643.5	1818	1886.5	2070	965	21	3220.5	1990.5	-26.95733339	-13.22196162	1
1491.5	1341	1273	1602	1810	1951.5	2158	2077	2460	1084	23	3521	2314.5	-24.20966426	-13.10420941	1
1424.5	1310.5	1236.5	1599.5	1701.5	1820.5	2007	2062.5	2269.5	1092.5	23	3440	2048.5	-25.6314469	-16.27054472	1
1673.5	1642	1786.5	2328	2511	2680.5	2907.5	2899	3197.5	1434	24	3954	3097.5	-24.25087438	-20.34014808	1
1593	1506.5	1523.5	1939	2121.5	2276	2476	2427.5	2722.5	1220.5	23.5	3631.5	2722.5	-22.46223679	-13.10605123	1
1528	1438.5	1479	1882.5	2069.5	2196.5	2397.5	2353	2632.5	1191.5	23	3330.5	2565	-23.02010275	-14.88271944	1
1562.5	1439	1462	1857.5	1993	2113.5	2316.5	2275	2526	1178	23.5	3332	2586	-22.65980168	-10.26107168	1
1576.5	1504.5	1581	2161.5	2468.5	2667	2932.5	2854.5	3265.5	1434.5	25.5	3913	2968	-26.90619008	-15.49125689	1
1596	1533.5	1533	1985	2164	2317	2526.5	2547	2821.5	1279	24	3989	2811	-24.0311651	-14.10907142	1
1573.5	1440.5	1417.5	1750.5	1887.5	2003.5	2182.5	2186.5	2421.5	1134	24	3371.5	2545	-24.59145297	-16.38396436	1
1452	1262.5	1192.5	1441	1510.5	1621	1780.5	1808.5	1992.5	941	22.5	3198.5	2228.5	-23.17492836	-13.14372254	1
1579	1489.5	1575.5	2104	2304.5	2500	2742.5	2734.5	3074.5	1396	26.5	3744	2857	-24.25780841	-16.24155807	1
1547.5	1476	1575.5	2105	2327	2504	2780	2837	3120.5	1405	22.5	3745.5	2869.5	-20.42947437	-16.50538056	1
1562.5	1433.5	1437	1802	1976	2113	2317.5	2304	2590	1181	24.5	3514.5	2557.5	-24.94242447	-13.28288794	1
1667	1627	1713	2217.5	2414	2615.5	2871	2838	3141	1398.5	24.5	3754	2746	-24.722732	-14.73278119	1
1527	1363.5	1335	1678.5	1822.5	1957	2164.5	2157.5	2382.5	1162	24	3444.5	2390	-22.27134168	-12.6911266	1
1611.5	1538.5	1612.5	2150.5	2338	2521	2751	2722.5	3039.5	1405	26.5	3903	3058.5	-26.95935769	-16.08263648	1
1625	1579.5	1709.5	2268.5	2458.5	2628	2889.5	2875	3164.5	1434.5	24	3998.5	3216	-26.69284953	-16.51212764	1
1688	1660.5	1801	2351.5	2553.5	2745.5	3007	2936	3277.5	1472.5	25.5	4102.5	3346.5	-22.840999	-15.43603984	1
1511	1389.5	1401.5	1734.5	1890.5	2041.5	2219.5	2198	2413	1106	23.5	3295.5	2480.5	-23.99437631	-13.65890034	1
1586.5	1515.5	1540.5	1926	2085	2258	2465.5	2457	2718	1179	23.5	3616	2791	-25.34876404	-14.3328257	1
1514	1471.5	1536	2021.5	2213	2411	2622.5	2661.5	2940.5	1322	22	3856.5	2909	-24.55879886	-12.55010129	1
1530	1518	1586.5	2139.5	2338.5	2526.5	2797	2849.5	3118	1397.5	24	3704.5	2714	-21.28611751	-14.32256999	1
1406.5	1312	1243.5	1558	1666	1801.5	1959	2031	2187	979.5	22	3219	2054.5	-23.53258555	-15.96178221	1
1496.5	1341.5	1291.5	1610.5	1704.5	1833.5	2023.5	2028.5	2249	1064	23.5	3415.5	2518.5	-22.30772947	-16.88835952	1
1586.5	1485.5	1555	1999	2155	2321.5	2551.5	2531	2813	1299.5	25.5	3693.5	3016.5	-27.25789513	-13.10914869	1
1587.5	1486.5	1546.5	1976	2144.5	2296.5	2502.5	2436.5	2729	1234	24.5	3638	2874	-28.29678751	-15.12651788	1
1604.5	1561	1685	2224	2410	2599.5	2820	2820.5	3111	1409.5	25.5	3877	3040.5	-24.12334875	-16.77259549	1
1561.5	1410.5	1373.5	1676.5	1789	1909	2080.5	2083.5	2327	1069	23.5	3504.5	2669	-28.34070788	-17.5350078	1
1556	1426.5	1451.5	1806.5	1979.5	2123	2303	2283	2570.5	1150	24	3409.5	2575.5	-23.56365912	-14.29737287	1
1514.5	1357.5	1387.5	1715	1944	2203.5	2450	2443.5	2736.5	1231.5	23	3324.5	2369	-22.95170226	-16.29454925	1
1538	1437	1424	1840	2002	2141.5	2354	2365.5	2624	1175.5	23.5	3407	2435.5	-24.44123361	-15.28199401	1
1555	1491.5	1612.5	2152.5	2366	2547.5	2807	2771	3109.5	1430	26.5	3839	3047.5	-23.81055963	-14.68882609	1
1701.5	1736.5	1900	2577	2836	3061	3359	3310	3669	1634.5	28	4064	3079.5	-22.89631177	-16.68001502	1
1580	1527	1629.5	2242.5	2463	2648	2933	2913	3251.5	1543.5	27	3937	3033	-23.64072209	-12.30535944	1
1533.5	1464	1450.5	1836	1963	2089	2279	2303	2521.5	1128.5	23	3412	2541.5	-23.23310326	-14.60402389	1
1596.5	1588	1671.5	2194	2380.5	2518.5	2761.5	2788.5	3065	1354.5	25.5	3909.5	3009.5	-29.3502009	-16.765248	1
1597.5	1566	1639	2175	2410.5	2588.5	2848	2870.5	3212.5	1402	25	3966	3074.5	-27.75723874	-13.68839615	1
1467	1439.5	1474	1979.5	2229	2413	2687	2712	3027.5	1339.5	23	3963	2853.5	-22.13156254	-19.03710366	1
1441	1284.5	1216	1555	1701.5	1854	2042	2094	2336	1097.5	23.5	3608	2218.5	-22.4716101	-15.71500627	1
1421	1307	1257	1540.5	1660.5	1773	1945.5	1970	2193	1002.5	22	3111.5	2182.5	-25.27148363	-15.32532032	1
1563	1481	1466.5	1825	1928.5	2058	2266	2288.5	2480	1132.5	24	3496	2521	-25.7327412	-14.76710416	1
1432	1287.5	1248	1538	1685.5	1816.5	1983	2000	2226	1042	24.5	3276.5	2231	-24.54249017	-15.41116813	1
1532	1451	1495	1977.5	2204.5	2446.5	2732	2837	3075	1423.5	24	3473.5	2376.5	-25.8162688	-15.56477804	1
1564	1575	1678.5	2305	2508	2762.5	3047	3136.5	3419	1518.5	26	4063.5	2894	-26.13429511	-19.09580776	1
1308	1012	924.5	616.5	563.5	471	468.5	335	456	233	59	303.5	250	-25.75717618	-16.26720445	2
1194.5	977	908.5	514	403.5	282.5	262.5	224	211.5	97	15	97.5	67.5	-27.02976428	-16.01265685	2
1433	1234.5	1161	1371	1560.5	1686.5	1852.5	1810	2123.5	1021.5	16.5	2239	1388.5	-15.31522743	-11.32849685	2
1217	1071	1065.5	622	517	308	293.5	260.5	223.5	108	26.5	119	81	-26.12733571	-15.25931492	2
1159	935.5	809	459	379	277	258	216.5	209	97.5	11	101	68.5	-26.40464958	-16.49611545	2
1732.5	1587	1479	1336	1319.5	1246.5	1193.5	1349	1163	746	88.5	1408.5	1146	-28.8659784	-16.6042621	2
1221	1042	939.5	520.5	412	298	285	250	237	112.5	11.5	145	91.5	-25.48966322	-17.43185993	2
1123	879	684	371	313	264	241	200	207	101	11	102	76	-26.52822493	-17.16858166	2
1293	1122	1059	631	503	299	288	230	225	96	11	89	60	-27.29365978	-19.36755126	2
3243	2767.5	2421.5	2325.5	2355.5	2467	2338.5	1980	2236.5	874	10.5	198.5	189	-31.23194264	-18.90708707	2
1458	1031	654	382.5	319.5	277	232.5	205	186	91	12.5	55	37	-28.73601307	-18.66732759	2
2610	2062.5	1793.5	1590.5	1591	1709	1606.5	1560.5	1393.5	667	12	152.5	150	-28.7241672	-19.99689691	2
4389	4106.5	3618.5	3785	3911	3907.5	3914.5	3615	3865	1553	11.5	288.5	304.5	-27.72994729	-20.04202806	2
2462.5	2196.5	2002.5	1945	1967.5	1663.5	1570.5	1255	1428.5	523	12	56	49.5	-27.11901343	-20.49669332	2
1250.5	989	814.5	710.5	647.5	426	408.5	335.5	275	91	8	63	48	-27.86353363	-19.53834868	2
1215	973.5	812	737.5	686.5	468	453.5	378.5	324	109.5	10.5	109.5	77	-27.9958598	-17.99762068	2
1231	962	786.5	771.5	754.5	575.5	575.5	503.5	436.5	109.5	10.5	125.5	91	-29.20142979	-22.01759833	2
1239.5	963	787.5	754.5	747.5	559.5	568.5	483.5	436	126.5	11.5	127.5	98.5	-28.68891312	-23.26723337	2
1203.5	941.5	753	737.5	732	549.5	558.5	480	414.5	88	10.5	120	69.5	-26.2006615	-22.48604551	2
1224.5	947.5	785	758	754	570	576.5	497	429.5	112	10.5	116.5	85	-27.48018127	-24.4331379	2
1216	953.5	780.5	761.5	778.5	583	603	507.5	449	135.5	8.5	116	78.5	-25.49948514	-22.61207656	2
1192	960.5	771.5	756.5	753.5	585	572	496	410	87.5	8.5	105	93.5	-26.34197907	-22.76470604	2
1194	963.5	770.5	775	781	604.5	623.5	521.5	467	126	10.5	115.5	88	-26.36705365	-22.96037354	2
7063	6879	6166	6820	6296	6291	6532	6097	6347	2486	12	421	412	-23.71435257	-18.77420593	2
8295	8217	7522	8100	8124	8099	8109	7659	7932	3209	18	468	491	-27.80955381	-17.56003424	2
6086	5846.5	5305.5	5513	5421	5387.5	5124.5	4765.5	4807	1782	11	245.5	254	-25.31940187	-17.19058354	2
3917	5404	5265	5793	4721	4942	4761	5288	4750	2297	43	1605	1091	-22.70511845	-13.86971822	2
7731	7163	6415	7147	7384	7389	7211	6340	6749	2612	10	164	152	-23.55612999	-15.30045172	2
7988	7865	7253	7819	7755	7650	7364	6816	6973	2494	7	143	163	-25.22504163	-17.52522119	2
7970	7972	7159	7744	7777	7640	7323	6773	6943	2427	10	151	133	-26.2617303	-16.08364919	2
1145.5	852	603	336.5	291	242	224	193.5	183.5	91.5	11	65.5	53	-25.88682481	-17.28727663	2
1174.5	1020.5	1002	541	425.5	263.5	241.5	208.5	186	83	10.5	72	46	-25.84870414	-15.26472126	2
2594	2284	2123	1988.5	1967	1747	1475.5	1230	1200	427.5	10	76.5	44.5	-28.53879682	-19.29010246	2
2638	2534	2319	2250.5	2105	1834	1543	1353	1251.5	476.5	10.5	80.5	66	-28.26656057	-19.62226534	2
2029	1956.5	1956	2198	2338	2389.5	2547.5	2347.5	2616.5	1134	23.5	2673.5	2333.5	-28.82705209	-16.11589284	2
1125	872.5	688	428	357	253	245.5	213.5	214.5	108	11.5	93	64.5	-27.33112121	-22.03718088	2
1210.5	978	815.5	663.5	551.5	360	317	287.5	254	136	13.5	138	97.5	-28.52637075	-22.58347799	2
1534.5	1343	1017.5	903	827.5	714	593.5	537	508	188.5	11.5	72.5	53.5	-27.1586626	-21.17403009	2
1126.5	864	621.5	384	314.5	264	237.5	220	204	92.5	10	75.5	51	-30.1009385	-17.92017013	2
1320.5	1077.5	945.5	741.5	821	722.5	651	566.5	525	145.5	10	87	65.5	-26.30684224	-19.42751869	2
1226	961.5	789.5	588.5	689.5	610	575.5	483	450.5	132	11.5	101.5	79	-27.01765444	-21.04551043	2
2950.5	2024.5	1697	1561.5	2004.5	2474	2104	1551	1910	866	10.5	152	157	-28.33666122	-19.8492039	2
2805.5	3090.5	2723.5	2766	2606.5	2710.5	2658	2514.5	2387	812	10.5	175.5	181	-26.48886071	-20.21302053	2
2623.5	2181.5	1608	1588.5	1298.5	1196	1281.5	1424	1218	677	9	104.5	93.5	-30.58119504	-20.43199426	2
3026	2625	2170	2271	2424.5	2305.5	2406	2010	2151	878.5	11	186.5	176.5	-27.73113665	-19.97105152	2
2856.5	2103	1560.5	1378	1432.5	1484.5	1450	1302	1386.5	773.5	9	155.5	166.5	-27.65303994	-21.91052672	2
1105	858	692	347	288	246	215	181	173	85	9	72	55	-25.88009675	-18.17834679	2
1152.5	879	697	381	315.5	239.5	230.5	201.5	181.5	85	10	69.5	50.5	-25.96387029	-16.87409635	2
1542.5	1348	1159	998	931.5	891	883.5	884	857.5	515	50.5	941	808.5	-28.52877541	-16.91810101	2
1094	838.5	760	487.5	947	748	734	591.5	456.5	106.5	11.5	85.5	60	-28.98035674	-18.53237233	2
2043	1740	1456	1679	1878	1972	2154	2137	2385	1577	60	3110	2357	-18.40234731	-10.01055724	3
1973	1623	1423	1666	1925	2187	2328	2707	2815	1754	65	2962	2110	-19.5192769	-14.15000268	3
2003	1745	1479	1725	2008	2167	2332	2356	2657	1766	75	3430	2523	-21.92818895	-13.0031737	3
1976	1757	1545	1835	1978	2118	2277	2367	2519	1672	77	3404	2588	-22.89889864	-12.22491124	3
1984	1761	1482	1774	1937	2067	2252	2314	2506	1656	76	3166	2318	-21.70952743	-13.5140517	3
1873	1576	1292	1427	1569	1655	1750	1835	1982	1276	70	3008	2386	-24.06510315	-14.76431291	3
1850	1530	1287	1554	1712	1843	1958	2013	2191	1547	79	2915	2321	-20.22844184	-9.80110239	3
2049	1808	1553	1870	2028	2166	2296	2393	2520	1744	99	3367	2608	-21.89070801	-12.57269653	3
1739	1404	1076	1129	1197	1268	1356	1462	1548	1104	80	2736	2382	-21.26754054	-9.981056514	3
1951	1668	1383	1557	1696	1796	1935	1993	2159	1504	89	3112	2451	-21.21117585	-14.52280487	3
1669	1386	1090	1202	1315	1414	1549	1596	1736	1165	80	2695	2341	-18.79609892	-10.90901254	3
1680	1347	1060	1159	1256	1319	1415	1494	1612	1195	74	2737	2368	-20.34971695	-10.32725548	3
1833	1430	1150	1287	1448	1496	1601	1690	1873	1451	89	2861	2419	-18.59832006	-11.12707977	3
1944	1673	1385	1583	1696	1817	1921	2028	2149	1478	94	3178	2379	-20.39414923	-12.66986501	3
1830	1508	1188	1338	1410	1520	1613	1807	1823	1335	86	3139	2605	-22.91774716	-11.45296952	3
1969	1746	1466	1695	1878	2002	2141	2264	2383	1576	89	3262	2470	-22.30441488	-12.34064903	3
1688	1382	1087	1202	1326	1441	1551	1582	1757	1198	82	2876	2494	-20.89248783	-9.190636212	3
2007	1728	1472	1749	1960	2077	2252	2303	2504	1727	101	3423	2595	-22.64846417	-14.82209079	3
1931	1674	1370	1572	1722	1793	1967	2032	2150	1481	88	2940	2294	-19.97808261	-12.62617652	3
1747	1447	1147	1271	1373	1409	1513	1625	1725	1127	74	2687	2371	-21.07194616	-8.783880226	3
2026	1817	1644	2010	2330	2543	2766	2756	3166	2116	104	3172	2452	-19.67234465	-13.10261331	3
1984	1692	1422	1634	1822	1915	2063	2113	2303	1553	83	3303	2546	-21.10117432	-11.91558623	3
2001	1779	1520	1806	2013	2170	2277	2324	2520	1671	101	3640	2773	-23.90454772	-14.23812974	3
1732	1420	1151	1290	1454	1546	1671	1678	1863	1381	79	2885	2507	-20.51283756	-8.66614383	3
2022	1835	1521	1902	2140	2226	2395	2381	2649	1544	79	3163	2390	-20.70887887	-10.52550603	3
1969	1688	1406	1650	1863	1917	2081	2136	2343	1627	98	3522	2740	-21.82001323	-13.46315	3
1915	1639	1388	1548	1688	1773	1897	1966	2119	1450	76	2924	2300	-20.95758641	-13.22383136	3
1945	1668	1405	1572	1741	1847	1985	2029	2140	1557	92	3213	2517	-21.73310674	-11.08681766	3
2052	1820	1555	1854	2018	2122	2287	2416	2538	1723	100	3184	2425	-20.27915343	-11.38543901	3
3101.5	2583.5	2359	2777.5	3146	3263.5	3445.5	3227	3655	1794.5	40	2262.5	1730.5	-21.81354025	-12.75756586	4
3650	3069	2826	3245.5	3624.5	3692.5	3811	3505.5	3940.5	1775	46	1798	1470.5	-19.03722868	-8.070145521	4
3283	3129.5	2778.5	3042.5	3153	3212	3316	3142.5	3307	1388	38	1362.5	1174	-21.9518546	-9.469709621	4
2037	2005	1993	2759	3230	3659	3967	4159	4390	2843	100	2615	1778	-19.9323627	-11.20015443	4
3334	3081	2782.5	3085	3238	3323.5	3431	3316.5	3580.5	1580.5	45.5	1640.5	1381.5	-18.911219	-7.800329267	4
3487.5	3303.5	3007	3325	3572.5	3687.5	3794	3539	3859.5	1544.5	41.5	1629.5	1344	-19.49377482	-9.638291648	4
3394	3265.5	2998.5	3355	3520.5	3590	3751	3593	3903.5	1741.5	46	1823	1501.5	-18.00467299	-9.752148881	4
3549	3473.5	3205.5	3620	3913.5	4061.5	4237.5	4110	4411.5	1895.5	45	1792.5	1355	-19.71759802	-12.64480341	4
3619	3288.5	2957	3304.5	3401	3494.5	3552	3397.5	3626.5	1671.5	38	1573	1397	-20.19214354	-8.429343602	4
4651	4496	4109	4401.5	4568	5110.5	5370.5	5088	5404	2234.5	17.5	1723.5	1159.5	-26.14271135	-15.06317606	5
4786.5	4897.5	4544	5063	5173.5	5305	5344.5	5080	5454	2110	20	2260.5	1674.5	-25.29039546	-14.2463178	5
4628	4473.5	4134.5	4480.5	4611.5	4829	4958.5	4725	4998	2059.5	16	1939	1352.5	-22.07960589	-14.21390194	5
4689.5	4571.5	4191	4483.5	4705.5	5213.5	5459.5	5146.5	5494.5	2185.5	17.5	1507	1070	-23.00560591	-13.92608337	5
4561	4467.5	4180	4699.5	4783	4875.5	4961	4758.5	4998.5	2054	20	2199.5	1836.5	-25.27881563	-15.25764061	5
4438	4267	3972	4459	4589	4678.5	4770	4578	4898.5	2027.5	18.5	2258	1866.5	-23.69461653	-12.52994934	5
4272.5	4188	3821	4243.5	4293.5	4371	4447.5	4236	4502.5	1784.5	19	2080.5	1590	-24.65416634	-14.6728918	5
8806	8609	7905.5	8419	8435	8506.5	8421.5	7988.5	8241	3373	11.5	438.5	503	-23.94237338	-18.4103766	5
8090.5	7694.5	6919.5	7306.5	7425	7402.5	7319	6824.5	7087	2922	11	376	419.5	-24.54608403	-15.01968522	5
8299	8145	7514	7961	7972	8045	7868	7482	7617	3194	12	370	382	-23.14970446	-14.77598994	5
8326	8093	7445	7958	8110	8153	8003	7342	7813	3187	10	420	435	-24.8221444	-16.00321151	5
4322	4051.5	3743	4177.5	4384	4474	4581.5	4318	4682.5	1946.5	16	2087	1549	-25.17410421	-13.04018917	5
4664	4530	4173	4466	4640.5	5155.5	5353.5	5071.5	5399.5	2195.5	15.5	1578.5	1051.5	-22.0466227	-14.83030934	5
4834.5	4729	4383	4886.5	4983.5	5085.5	5148.5	4940	5219	2198.5	20.5	2304.5	1971	-27.25092865	-15.76274742	5
4662.5	4505	4129.5	4438	4592.5	5158.5	5400	5025.5	5434.5	2263.5	16	1572	1090	-24.109247	-16.68269715	5
4787	4666.5	4318.5	4870	5052.5	5146.5	5272	4982.5	5384	2247	19	2474.5	1821.5	-27.21693613	-15.28677873	5
4788	4722	4391	4853	4998.5	5131.5	5233.5	5025.5	5306	2207	21.5	2331.5	1832.5	-24.25067632	-12.77827143	5
4632.5	4698.5	4367	4838	4881.5	4962	5056	5007.5	5164	2122	18.5	2305	1904	-24.47772114	-14.36773282	5
4413	4158.5	3778	4163.5	4240	4342.5	4435.5	4240.5	4515.5	1906	19.5	1967	1477.5	-22.28982137	-12.88092757	5
4731.5	4667.5	4322	4815	4939.5	5034	5147.5	4937	5231.5	2201	18	2325.5	1804	-24.86660685	-13.88160733	5
4613	4488	4230	4750.5	4849.5	4996	5129.5	4879	5224	2160.5	19.5	2287	1879	-24.44853745	-15.86216756	5
4681.5	4524	4166.5	4377.5	4554.5	5178	5433	5214.5	5501.5	2208	17	1274.5	860	-21.92626191	-15.3376969	5
4618	4505.5	4148	4624	4734.5	4846	4949	4722.5	5050	2083	22	2190	1835.5	-24.44309302	-12.39912182	5
3950	3817	3505.5	4000.5	4078.5	4181.5	4271	4178	4405.5	1813	16.5	1934	1363	-24.14803965	-15.69143664	5
4242	4084	3756.5	4219	4307.5	4436.5	4540.5	4333	4610	1941	18.5	2193.5	1861	-24.74240188	-10.89430736	5
4745	4584	4251	4796	4928	5003	5125	4874.5	5236.5	2206.5	20.5	2438.5	1947.5	-25.66082378	-13.49458252	5
4699.5	4539	4170	4564.5	4688.5	4801	4846	4618	4911	2015.5	17	2010.5	1516.5	-25.48136803	-13.06831889	5
4690	4580	4255.5	4742	4843	4949	5055	4784	5141.5	2196	20.5	2220.5	1831	-22.56471816	-14.35738382	5
4742	4743.5	4423	4971	5126	5237.5	5339.5	5121	5420	2284.5	19	2466	1959.5	-23.55497621	-13.89278957	5
4816.5	4712.5	4348	4822	4988	5172.5	5305	5067.5	5380	2251.5	19	2171	1689	-24.43756833	-16.32113777	5
4696	4539	4187.5	4650	4717	4793.5	4893	4692.5	4973.5	2105	18	2085	1755.5	-23.75355531	-14.17971936	5
4680	4492.5	4076	4473	4569	4658.5	4720.5	4494	4765.5	1995.5	19	1924.5	1490	-24.65350259	-9.892605755	5
4636	4516	4191	4629	4766	4927.5	5012.5	4804.5	5086.5	2156	19	2153	1774	-25.83399966	-15.27845579	5
4784	4731	4388	4870.5	5000	5068.5	5148	4956.5	5202	2164.5	18.5	2205.5	1827	-23.77669695	-13.89569239	5
4600	4543	4257	4758.5	4913	5028.5	5155	4939.5	5237	2219	22	2310	1768.5	-25.16117668	-16.63046156	5
4645	4585.5	4276	4776.5	4859	4997	5060.5	4904.5	5177.5	2199.5	25	2357.5	1900.5	-25.79821236	-15.41482586	5
4678	4722	4382	4921	4956.5	5080	5159	5018.5	5209	2174.5	25	2354.5	1883	-24.48629016	-14.82444213	5
4788.5	4750.5	4456.5	4924.5	5057.5	5135.5	5186.5	4955	5275.5	2150	22.5	2305	1795.5	-25.51587742	-14.97609742	5
4687.5	4628	4329.5	4829	4931	5041.5	5128	4958	5221.5	2211	48	2349.5	1812	-22.88576352	-14.12976449	5
4558	4375	4047	4480	4608	4685	4774	4558.5	4876	2025.5	20	2196	1802.5	-24.80166255	-16.8033842	5
4622	4469	4158.5	4721	4858	4945	5075.5	4809	5171	2132	21	2381.5	1887.5	-25.01106215	-14.3017774	5
1378.5	1133	1017	1110	1298.5	1555	1709	1693.5	1896.5	904	19.5	2230	1610	-22.94462175	-11.81580399	6
1435	1239.5	1121	1323	1487.5	1632	1810.5	1774.5	2010.5	925.5	20	2538	1853	-23.0618141	-14.20831805	6
1494.5	1285.5	1128	1231.5	1403	1611	1619	1611	1772.5	812.5	19.5	1911	1613	-24.04813306	-10.45210446	6
1591	1208	1052.5	1176	1353	1424	1581.5	1519	1721	881.5	20	2156	1729	-22.50937017	-11.57485228	6
1406	1284	1086	1379	1400	1562	1641	1821	1848	976	21	2003	1308	-22.50127184	-12.87538606	6
1418	1267	1139	1381	1496	1582	1745	1777	1942	956	23	2243	1399	-23.092776	-11.63045143	6
1435.5	1242	1079	1199	1339	1433.5	1539.5	1563	1715.5	846.5	20	2441	1763.5	-23.76583962	-12.30283131	6
1392.5	1131.5	978	1074.5	1219.5	1341.5	1457.5	1499	1632	850	22.5	2425	1836.5	-22.1099368	-11.27912302	6
1397	1130	998	1056.5	1334.5	1471	1619	1511	1798	859.5	20.5	2316	1699.5	-21.50829981	-13.59230739	6
1637	1426	1253	1350.5	1471	1596	1707.5	1726.5	1801	859.5	20.5	2163.5	1674.5	-24.10411993	-13.80730673	6
1474.5	1325.5	1198	1329	1530	1905	2128	2172	2333.5	1050	19	2091	1512.5	-21.84831919	-12.47865108	6
1556	1244.5	1102	1215	1384	1503	1604	1693.5	1814.5	878	20	2084.5	1587.5	-23.24622961	-13.53816286	6
1602.5	1411.5	1322.5	1626.5	1768	1934	2074.5	2032	2218	1060	19.5	2169.5	1416	-21.11227616	-12.40874828	6
1677	1514.5	1424.5	1630	1680.5	1802	1859.5	1892	2002	888	18.5	1966.5	1636	-21.12084905	-10.89224997	6
1398.5	1257	1126.5	1305.5	1388.5	1486.5	1621	1677	1788.5	874	21.5	2673.5	1940	-21.05139943	-11.1231286	6
1410	1138	982	1056	1178	1257	1365.5	1397	1523	782	22	2311.5	1808	-25.72500581	-14.07042914	6
1511.5	1256	1141	1342.5	1494.5	1564	1717	1657.5	1863	918	21.5	2357	1921	-22.56264919	-11.3877534	6
1487.5	1289.5	1172	1284.5	1484	1919.5	2084.5	2064.5	2240	1019.5	21.5	2230.5	1708	-22.31517008	-11.89507982	6
1471.5	1245	1151	1286.5	1435.5	1701.5	1877	1834	2032	948	22	2427	1956	-21.17045735	-11.34185532	6
1412.5	1191.5	1049	1185	1314.5	1471	1579	1536.5	1753.5	849.5	18.5	2370	1860.5	-23.4168017	-12.28045122	6
1367.5	1138.5	981.5	1071	1162.5	1317	1425.5	1444	1609	783	19.5	2205.5	1716	-21.96906966	-11.59993384	6
1504	1317.5	1216.5	1428.5	1534	1631.5	1758	1781	1957	927.5	22	2664.5	2241	-24.98199008	-12.83609358	6
1402.5	1154	990	1076	1194.5	1293	1389.5	1399	1546.5	821	20.5	2365	1721	-21.57782597	-10.32064366	6
1363.5	1183.5	1050.5	1247	1325	1429	1552	1601.5	1726.5	849.5	21	2569.5	1791	-18.9174042	-11.53181181	6
1432	1204	1025	1175	1284	1485	1568	1577	1743	853	18	1923	1289	-21.88116542	-13.15481715	6
1403	1133	1032.5	1123	1288.5	1450	1584.5	1634.5	1814.5	885.5	19.5	2588.5	1977	-22.8227424	-10.46155185	6
1575	1209	1002	1083	1296	1598	1871	1848	2021.5	936.5	20	1293	716	-22.8409296	-13.31169127	7
1520	1215	959	1050	1115	1229.5	1309.5	1312	1392	819	23	1459	908	-22.97171942	-11.81635233	7
1426	1182	974	1041	1214	1436	1574	1652	1793	870	22	1731	1083	-20.6008157	-10.63306557	7
1455	1154	945	970	1115	1340	1507	1480	1613	891	23	1783	1182	-24.09055362	-12.29382311	7
1506	1160	935	979	1117	1217	1325	1221	1425	774	20	1250	772	-26.98097008	-9.814144042	7
1530	1215	982	1045	1212	1338	1446	1450	1602	883	20	1370	777	-25.32867698	-11.04544127	7
1850	1535	1368	1454	1567	1728	1840	1758	1907	950	20	813	467	-24.73047956	-11.2313451	7
1710	1301	1048	1100	1304	1646	1821	1843	2022	1075	24	1375	814	-23.81018349	-13.22106843	7
1618	1416	1194	1293	1359	1468	1486	1505	1651	750	20	779	453	-21.62128746	-12.20409783	7
1566	1327	1101	1120	1246	1298	1381	1449	1488	663	16	792	489	-22.54700048	-9.973843432	7
2026	1737	1527	1671	1731	1797	1904	1988	1999	915	19	1066	714	-21.83935062	-9.024769742	7
1424.5	1162	926.5	1071.5	1229	1277	1387.5	1360.5	1505	850.5	23	962	551.5	-21.81456961	-12.32692694	7
1494	1233.5	987.5	1024.5	1103	1110	1134	1099	1135	690	23	911.5	556.5	-22.75165954	-15.00052518	7
1421.5	1156	926	974	1128.5	1372.5	1482	1496	1672.5	873.5	21	1321	808	-22.25912483	-16.15677442	7
1348	1054	877	892	1031	1348	1506	1613	1699	774	16	1618	1040	-21.05016454	-7.159800495	7
1500	1201	955	980	1006	1056	1099	1070	1151	525	16	956	644	-22.12593428	-11.17726067	7
1562	1188	955	1023	1106	1220	1299	1324	1413	812	23	1102	684	-23.22602307	-14.16018761	7
1555	1296	1061	1186	1260	1361	1472	1487	1635	840	18	1330	837	-23.06113022	-9.692203202	7
1981.5	1219.5	1009.5	1119.5	1145	1216	1420	1478	1525	1015.5	26	1817	1245	-23.34364077	-9.812499081	7
1528	1280	1085	1251	1406	1520	1661	1900	1739	903	23	1496	928	-23.23971391	-12.34312383	7
1459	1181	949	1030	1187	1398	1526	1562	1719	830	17	1545	883	-23.75266698	-12.06884844	7
1382	1098	934	979	1110	1321	1466	1482	1605	762	19	1907	1277	-22.47079765	-7.926495307	7
1576	1344	1084	1148	1208	1360	1478	1486	1559	681	18	935	600	-24.04959844	-9.610976138	7
1463	1140	898	951	963	1035	1157	1141	1222	588	15	1305	860	-22.38186081	-9.413007508	7
2300	1513	1284	1381	1671	1612	1635	1290	1815	921	13	539	364	-23.29845398	-11.28917224	7
1442	1110	882	868	998	1209	1286	1374	1492	706	18	1340	855	-21.99976019	-12.01061684	7
1466	1126	915	956	1025	1102	1194	1196	1296	622	16	1242	830	-23.17377827	-14.07568195	7
1497	1167	959	1018	1125	1211	1305	1301	1427	658	14	1072	687	-23.13380065	-7.439843237	7
1666	1267	1039	1054	1257	1353	1446	1433	1504	736	20	964	588	-24.27220297	-9.575148338	7
1462	1145	901	944	1037	1112	1178	1158	1274	620	17	964	612	-26.18895361	-9.762881328	7
1533	1157	950	1055	1259	1265	1364	1392	1524	748	17	1377	905	-20.34638427	-7.677772112	7
1408	1115	910	994	1108	1255	1364	1358	1527	745	20	1852	1265	-22.43023579	-7.442670594	7
1569	1248	1023	1066	1273	1494	1615	1616	1855	979	21	1328	741	-23.34884016	-11.98272385	7
1705	1379	1175	1312	1439	1487	1609	1676	1809	913	22	1120	687	-22.85561926	-11.48241114	7
1479	1092	1009	813	1382	2147	2321	2439	2558	1309	15	1865	1378	-15.04244678	-9.527619292	8
1316	1014	967	790	1335.5	2201	2588.5	2709.5	2763	1224.5	14	1897	1425.5	-16.00624762	-9.523617923	8
1427.5	1162	1019.5	964	1299.5	1967.5	2198	2236.5	2410.5	1187.5	16	2210	1509	-19.34577807	-12.68617636	8
1499	1156	917	973	1139	1400	1604	1730	1898	924	26	2225	1529	-13.44418635	-8.811751734	9
1683	1258	1028	916	1116	1399	1638	1500	1887	968	29	1752	1193	-13.70530228	-8.77073345	9
1549	1204	895	849	971	1203	1386	1457	1508	769	29	1306	976	-14.31065437	-8.263826132	9
1648	1182	836	685	802	902	916	835	920	610	27	830	636	-11.20613879	-8.300839772	9
1630	1279	992	1002	1122	1288	1409	1742	1518	914	27	1503	1025	-18.00976373	-11.58638813	9
1484	1077	809	772	939	1199	1410	1391	1697	801	23	1820	1260	-12.92241913	-5.510078606	9
1507	1137	875	778	914	1220	1377	1144	1476	1038	28	1446	1013	-16.71044863	-11.69489556	9
1759	1518	1259	1173	1303	1386	1485	1427	1622	935	25	1036	735	-14.74824705	-9.172217338	9
1505	1208	965	1022	1133	1369	1589	1681	1852	961	30	2521	1691	-15.16094171	-10.25867014	9
1555	1070	735	584	796	932	970	895	913	698	23	954	676	-11.36651935	-7.105639404	9
1484	1011	678	597	758	803	799	798	822	653	22	819	556	-10.24321513	-5.512166024	9
1769	1327	1097	1016	1284	1345	1442	1469	1568	989	29	1143	792	-15.25461005	-10.89257646	9
1711	1328	1018	917	1010	1046	1074	1032	1133	662	23	972	720	-14.69266898	-8.181536742	9
1512	1181	922	1007	1143	1370	1574	1642	1855	1043	33	2331	1711	-16.35122356	-10.37693313	9
1725	1532	1233	1042	1143	1127	1213	1137	1308	788	25	1297	904	-15.29110716	-11.61435995	9
1394	1016	756	738	838	888	862	855	898	473	20	1035	689	-13.71379163	-9.448862461	9
1651	1181	907	881	1004	1173	1331	1337	1578	832	32	1547	1111	-13.64020023	-8.635126395	9
1571	1219	1001	1095	1162	1389	1595	1815	1894	943	35	2085	1458	-15.22171839	-9.472425371	9
1444	1042	738	617	830	1074	1049	905	1059	745	31	1170	826	-16.25355793	-9.920207883	9
1612	1010	675	506	639	648	634	559	596	417	17	511	357	-14.12418544	-8.606857385	9
1548	1280	988	999	1139	1318	1499	1497	1761	957	34	1910	1317	-16.65218412	-11.58797662	9
1513	1137	911	986	1066	1373	1601	1713	1885	1044	29	2368	1580	-11.32435228	-8.592390005	9
1566	1216	962	1001	1158	1384	1608	1744	1970	1010	26	1901	1339	-14.73943768	-10.34502084	9
1734	1137	857	838	967	1241	1314	1354	1398	744	25	1358	997	-13.50867384	-8.700607807	9
1549	1154	925	909	998	1214	1382	1353	1422	792	26	1776	1302	-11.43364477	-5.064072389	9
1618	1164	887	841	1005	1383	1569	1610	1809	823	23	1796	1243	-10.18383562	-6.055800153	9
1616	1297	1049	976	1147	1379	1583	1594	1818	1017	28	1773	1212	-12.58408563	-8.479242925	9
1979	1355	1055	1067	1273	1413	1595	1590	1893	1012	28	1722	1215	-17.44850458	-12.47822939	9
1572	1133	840	772	907	1147	1327	1401	1408	769	22	1403	983	-14.68989157	-7.02300595	9
2371	1721	1446	1335	1323	1405	1429	1531	1539	954	23	810	598	-14.83942521	-10.40906173	9
1688.5	1426	1337.5	1502	1759.5	1788	1868	1648.5	1984	911.5	16.5	2539.5	2402.5	-19.35512262	-11.10787975	10
1824.5	1595.5	1573	1957	2027	2131	2243.5	2143.5	2248	1168.5	20	2625	2355.5	-25.22290712	-14.40619007	10
1795.5	1393.5	1334	1449.5	1808.5	2223.5	2297.5	2272	2416.5	1102.5	18.5	2324	1887.5	-17.32437649	-11.05783734	10
1692	1642	1583	1890	1884	1986	2063	2064	2065	728	17	2454	2518	-17.44533164	-9.156389355	10
1752	1579	1564	2004	2089	2253	2331	2284	2379	928	17	2719	2458	-19.71476603	-13.29118984	10
1693	1528	1457	1845	1928	2042	2163	2145	2195	804	16	2653	2477	-20.85778524	-13.39083467	10
1828	1746	1766	2200	2321	2461	2551	2527	2629	982	16	3000	2589	-17.87987731	-10.36228451	10
1678	1529	1499	2010	2015	2150	2316	2310	2402	926	17	2835	2689	-19.62022239	-11.36065105	10
1520	1463	1360	1563	1658	1943	2070	2078	2102	810	17	2327	2081	-18.52703683	-12.08676323	10
1698	1429.5	1411	1651	1768.5	1913.5	2016	1899.5	1998.5	1004	18.5	2228	1880.5	-18.37442648	-9.899517366	10
1639	1430.5	1369.5	1743	1923	2096	2155.5	2104	2222.5	1173.5	20	2506	2265	-18.20390279	-10.21857254	10
1641	1306.5	1214.5	1567	1898	2044.5	2171	1900.5	2168.5	1279.5	23	2713.5	2322.5	-16.24554039	-6.141593015	10
1512.5	1346	1325	1806	1956.5	2138.5	2236	2152	2320.5	991.5	19	2875.5	2731	-17.82912502	-11.25430914	10
1718	1409.5	1386.5	1691	2032	2126	2261.5	1890.5	2277	1111	19.5	2660	2491.5	-23.71346424	-13.08529439	10
1675	1348.5	1308.5	1524	1790.5	2072.5	2196	2108.5	2250	1115	19.5	2371.5	1979	-16.20681456	-11.01127584	10
1685.5	1558	1570	1980.5	2066.5	2280	2435	2412.5	2538.5	1161.5	20	2787	2491	-19.03148143	-10.00166055	10
1667.5	1553	1585	2131	2367.5	2595	2758.5	2689	2834	1174.5	19	3049	2588.5	-17.86935733	-10.27740664	10
1551.5	1418.5	1407.5	1792.5	2003	2165.5	2268.5	2161.5	2315	1001	19.5	2563.5	2329	-19.73161269	-12.51471383	10
1673	1288.5	1228.5	1574.5	1777.5	1913.5	1995	1901.5	2062	1072	20	2628	2469	-18.14292697	-10.61757024	10
1507	1311	1261	1615	1705.5	1831.5	1958.5	1910.5	2103.5	913	18.5	2447	2135	-16.73656526	-7.458530727	10
1564.5	1340.5	1266	1750	1912	2043	2095.5	2073	2124	905	19	2426.5	2257	-19.169374	-10.94372553	10
1693	1496.5	1474.5	1875	2060	2202.5	2305.5	2209.5	2409.5	1144.5	18.5	2700.5	2571.5	-18.8808308	-7.414724342	10
1718	1465	1437	1822	2011	2145	2296	2288	2415	1056	17	3040	2884	-19.17842835	-11.35181967	10
1834	1705	1724	2116	2279	2390	2502	2402	2483	1016	17	2991	2627	-24.21618149	-12.41204914	10
1714	1588	1578	2050	2336	2484	2619	2564	2774	1078	18	3481	3155	-20.11952019	-12.15663961	10
1800	1645	1608	2166	2378	2515	2612	2653	2704	1188	15	3319	2882	-18.36609019	-10.45384899	10
1649	1495	1507	1898	2109	2323	2362	2273	2451	1122	17	2762	2397	-20.56034425	-12.19483256	10
1681.5	1470	1461	1846	1975	2070	2245	2150	2286	923.5	16	2440	2293	-22.30025042	-14.26884269	10
1616	1377.5	1283	1621	1713.5	1909	2042.5	2069	2089.5	1105.5	20.5	2297	2016	-17.95671107	-9.827194871	10
1737	1498	1410	1771	1989	2152	2259	1977	2320	951	16	2803	2615	-21.49277357	-12.46709118	10
1724	1542.5	1548	1969.5	2124.5	2291	2412	2317	2520	961	24.5	3220	2844.5	-21.55988205	-10.61644039	10
1812.5	1624.5	1622.5	2034	2156.5	2435	2539	2614.5	2657.5	1158	25.5	2721	2251.5	-19.94282391	-12.91955765	10
1778.5	1542	1493	1898	2113.5	2198.5	2345	2186.5	2387.5	1032.5	18.5	2584	2365.5	-24.15897979	-11.29165269	10
1612	1467	1448	1746.5	2130	2488	2605.5	2332	2708.5	1132.5	31.5	2835	2315	-16.35429927	-7.145086882	10
1533	1284	1193	1486	1744	2001	2247	2293	2680	1305	24	3509	2300	-23.81848953	-16.47940189	11
1577	1377	1361	1648	1939	2488	2813	2895	3279	1632	25	3429	2268	-20.52626202	-12.60966855	11
1521	1245	1132	1332	1625	1976	2202	2300	2607	1334	23	2756	1773	-20.69643032	-11.68006567	11
1523	1264	1182	1438	1682	1961	2172	2183	2521	1295	24	3076	1996	-22.58919424	-14.94492093	11
1493	1274	1232	1550	1724	2019	2253	2420	2722	1383	22	3047	1951	-20.01361276	-13.87297032	11
1574	1421	1390	1728	2025	2441	2756	2825	3149	1559	24	3247	2142	-19.69968933	-14.63575508	11
1533	1355	1332	1658	1904	2247	2530	2607	2959	1407	22	3343	2199	-20.84552507	-12.73986267	11
1560	1333	1188	1457	1728	2037	2267	2300	2656	1292	23	3280	2134	-22.55960202	-13.53236682	11
1512	1261	1130	1317	1680	2129	2411	2524	2822	1398	21	3446	2235	-22.20220716	-14.58169541	11
1523	1404	1409	1847	2076	2378	2625	2682	3032	1373	24	3196	2082	-20.4268349	-12.42068595	11
1528	1355	1307	1685	1964	2201	2359	2493	2737	1328	23	3272	2172	-17.46105248	-11.29740873	11
1553	1294	1231	1416	1847	2657	3005	3089	3440	1707	22	3125	1869	-20.32805909	-13.56768847	11
1602	1493	1426	1843	2203	2665	3044	3027	3436	1728	24	3412	2235	-18.68874036	-12.63033856	11
1545	1265	1241	1360	1754	2480	2855	3119	3387	1664	24	2950	1821	-18.51627387	-13.45153439	11
1527	1284	1245	1465	1740	2159	2535	2522	2914	1541	27	2930	1976	-18.86744499	-10.73297218	11
1514	1372	1261	1502	1833	2259	2549	2650	3003	1289	20	3220	2115	-20.25390971	-14.42468507	11
1599	1400	1292	1592	1987	2550	2937	3047	3371	1710	24	3200	2046	-20.32969778	-12.95720075	11
1493	1240	1126	1301	1436	1878	2192	2549	2447	1344	27	2293	1544	-20.35376597	-13.81467101	11
1501	1266	1194	1540	1678	1890	2104	2266	2495	1233	22	2701	1747	-21.742973	-13.01489806	11
1598	1470	1419	1792	2045	2458	2755	2868	3215	1507	24	3517	2301	-21.46723094	-12.60024186	11
1513	1327	1318	1663	2102	2488	2810	2866	3348	1539	23	3474	2232	-20.52063292	-13.27697699	11
1473	1275	1124	1354	1681	2290	2663	2766	3046	1313	21	3127	2035	-20.55606276	-13.73406346	11
1598	1465	1444	1821	1979	2461	2858	3062	3329	1733	28	3438	2245	-18.15903992	-11.77012167	11
1587	1399	1408	1809	2059	2474	2805	2902	3141	1642	24	3451	2269	-18.26920268	-12.54916518	11
1481	1203	1038	1375	1657	1992	2273	2001	2646	1368	24	2707	1734	-18.17141578	-12.01600421	11
1595	1301	1230	1422	1696	2048	2309	2367	2692	1475	24	2809	1850	-22.34745187	-13.12380079	11
1578	1377	1299	1555	1911	2339	2608	2624	2974	1543	24	3316	2188	-21.69800389	-12.51018425	11
1547	1366	1286	1566	1815	2308	2636	2652	3031	1423	25	3126	2040	-20.70354512	-12.22624224	11
1547	1359	1348	1694	1973	2377	2675	2732	3079	1569	25	3274	2139	-21.79303759	-13.73884426	11
1557	1332	1273	1527	1796	2040	2300	2326	2665	1427	25	3212	2132	-19.46760179	-13.82875244	11
1582	1454	1468	1958	2266	2541	2867	2943	3346	1596	24	3167	2089	-18.88233833	-13.43165564	11
1497	1257	1163	1279	1630	2362	2748	2844	3104	1420	20	2627	1629	-21.10856102	-12.73462206	11
1529	1324	1273	1558	1782	2062	2307	2333	2631	1424	22	3421	2234	-19.83144623	-13.64038521	11
1576	1366	1257	1524	1828	2194	2469	2532	2894	1457	28	3580	2305	-22.11804773	-13.30979073	11
1518	1247	1161	1517	1637	1861	2062	2246	2482	1359	25	3220	2015	-21.2656887	-14.05272824	11
1456	1369	1346	1715	1949	2281	2604	2651	2940	1236	21	3024	1952	-21.07834996	-13.22565837	11
1539	1241	1130	1299	1738	2276	2598	2371	3131	1516	24	3147	2118	-21.08438623	-13.57021585	11
1517	1262	1174	1524	1681	1852	2086	2260	2486	1380	25	3265	1977	-20.14555183	-14.71390345	11
